Potential scale reduction factors:

           Point est. Upper C.I.
a[1]             1.00       1.02
a[2]             1.00       1.01
a[3]             1.00       1.00
a[4]             1.00       1.00
a[5]             1.00       1.00
a[6]             1.00       1.00
a[7]             1.00       1.01
a[8]             1.00       1.00
a[9]             1.00       1.00
a[10]            1.00       1.00
b[1]             1.09       1.24
b[2]             1.01       1.05
b[3]             1.00       1.01
b[4]             1.00       1.01
b[5]             1.00       1.01
b[6]             1.00       1.01
b[7]             1.00       1.01
b[8]             1.00       1.00
b[9]             1.00       1.00
b[10]            1.01       1.02
tau[1,1]          NaN        NaN
tau[2,1]          NaN        NaN
tau[3,1]          NaN        NaN
tau[4,1]          NaN        NaN
tau[5,1]          NaN        NaN
tau[6,1]          NaN        NaN
tau[7,1]          NaN        NaN
tau[8,1]          NaN        NaN
tau[9,1]          NaN        NaN
tau[10,1]         NaN        NaN
tau[1,2]         1.06       1.14
tau[2,2]         1.00       1.01
tau[3,2]         1.00       1.00
tau[4,2]         1.00       1.00
tau[5,2]         1.00       1.00
tau[6,2]         1.00       1.00
tau[7,2]         1.00       1.00
tau[8,2]         1.00       1.00
tau[9,2]         1.00       1.00
tau[10,2]        1.00       1.00
tau[1,3]         1.06       1.16
tau[2,3]         1.00       1.01
tau[3,3]         1.00       1.01
tau[4,3]         1.00       1.01
tau[5,3]         1.00       1.00
tau[6,3]         1.00       1.00
tau[7,3]         1.00       1.01
tau[8,3]         1.00       1.00
tau[9,3]         1.00       1.00
tau[10,3]        1.00       1.01
tau[1,4]         1.04       1.08
tau[2,4]         1.01       1.04
tau[3,4]         1.00       1.00
tau[4,4]         1.00       1.00
tau[5,4]         1.00       1.00
tau[6,4]         1.00       1.01
tau[7,4]         1.00       1.01
tau[8,4]         1.00       1.00
tau[9,4]         1.00       1.00
tau[10,4]        1.00       1.00
tau[1,5]         1.05       1.14
tau[2,5]         1.01       1.03
tau[3,5]         1.00       1.00
tau[4,5]         1.00       1.00
tau[5,5]         1.00       1.00
tau[6,5]         1.00       1.01
tau[7,5]         1.00       1.00
tau[8,5]         1.00       1.01
tau[9,5]         1.00       1.00
tau[10,5]        1.00       1.01
tau[1,6]         1.04       1.11
tau[2,6]         1.01       1.03
tau[3,6]         1.00       1.00
tau[4,6]         1.00       1.00
tau[5,6]         1.00       1.00
tau[6,6]         1.00       1.00
tau[7,6]         1.00       1.00
tau[8,6]         1.00       1.00
tau[9,6]         1.00       1.00
tau[10,6]        1.00       1.01
theta[1]         1.00       1.00
theta[2]         1.00       1.00
theta[3]         1.00       1.00
theta[4]         1.00       1.00
theta[5]         1.00       1.00
theta[6]         1.00       1.00
theta[7]         1.00       1.00
theta[8]         1.00       1.00
theta[9]         1.00       1.00
theta[10]        1.00       1.00
theta[11]        1.00       1.00
theta[12]        1.00       1.00
theta[13]        1.00       1.01
theta[14]        1.00       1.00
theta[15]        1.00       1.00
theta[16]        1.00       1.00
theta[17]        1.00       1.00
theta[18]        1.00       1.00
theta[19]        1.00       1.00
theta[20]        1.00       1.00
theta[21]        1.00       1.00
theta[22]        1.00       1.00
theta[23]        1.00       1.00
theta[24]        1.00       1.00
theta[25]        1.00       1.00
theta[26]        1.00       1.00
theta[27]        1.00       1.00
theta[28]        1.00       1.00
theta[29]        1.00       1.00
theta[30]        1.00       1.00
theta[31]        1.00       1.00
theta[32]        1.00       1.00
theta[33]        1.00       1.00
theta[34]        1.00       1.00
theta[35]        1.00       1.00
theta[36]        1.00       1.00
theta[37]        1.00       1.00
theta[38]        1.00       1.00
theta[39]        1.00       1.00
theta[40]        1.00       1.00
theta[41]        1.00       1.00
theta[42]        1.00       1.00
theta[43]        1.00       1.00
theta[44]        1.00       1.00
theta[45]        1.00       1.00
theta[46]        1.00       1.00
theta[47]        1.00       1.00
theta[48]        1.00       1.00
theta[49]        1.00       1.00
theta[50]        1.00       1.00
theta[51]        1.00       1.00
theta[52]        1.00       1.00
theta[53]        1.00       1.00
theta[54]        1.00       1.00
theta[55]        1.00       1.00
theta[56]        1.00       1.00
theta[57]        1.00       1.00
theta[58]        1.00       1.00
theta[59]        1.00       1.01
theta[60]        1.00       1.00
theta[61]        1.00       1.00
theta[62]        1.00       1.00
theta[63]        1.00       1.00
theta[64]        1.00       1.00
theta[65]        1.00       1.00
theta[66]        1.00       1.00
theta[67]        1.00       1.00
theta[68]        1.00       1.00
theta[69]        1.00       1.00
theta[70]        1.00       1.00
theta[71]        1.00       1.00
theta[72]        1.00       1.00
theta[73]        1.00       1.00
theta[74]        1.00       1.00
theta[75]        1.00       1.00
theta[76]        1.00       1.00
theta[77]        1.00       1.00
theta[78]        1.00       1.00
theta[79]        1.00       1.00
theta[80]        1.00       1.00
theta[81]        1.00       1.00
theta[82]        1.00       1.00
theta[83]        1.00       1.00
theta[84]        1.00       1.00
theta[85]        1.00       1.00
theta[86]        1.00       1.00
theta[87]        1.00       1.00
theta[88]        1.00       1.00
theta[89]        1.00       1.00
theta[90]        1.00       1.00
theta[91]        1.00       1.00
theta[92]        1.00       1.00
theta[93]        1.00       1.00
theta[94]        1.00       1.00
theta[95]        1.00       1.00
theta[96]        1.00       1.00
theta[97]        1.00       1.00
theta[98]        1.00       1.00
theta[99]        1.00       1.00
theta[100]       1.00       1.00
theta[101]       1.00       1.00
theta[102]       1.00       1.00
theta[103]       1.00       1.00
theta[104]       1.00       1.00
theta[105]       1.00       1.00
theta[106]       1.00       1.00
theta[107]       1.00       1.00
theta[108]       1.00       1.00
theta[109]       1.00       1.00
theta[110]       1.00       1.00
theta[111]       1.00       1.00
theta[112]       1.00       1.00
theta[113]       1.00       1.00
theta[114]       1.00       1.00
theta[115]       1.00       1.00
theta[116]       1.00       1.00
theta[117]       1.00       1.00
theta[118]       1.00       1.00
theta[119]       1.00       1.00
theta[120]       1.00       1.00
theta[121]       1.00       1.00
theta[122]       1.00       1.00
theta[123]       1.00       1.00
theta[124]       1.00       1.00
theta[125]       1.00       1.00
theta[126]       1.00       1.00
theta[127]       1.00       1.00
theta[128]       1.00       1.00
theta[129]       1.00       1.00
theta[130]       1.00       1.00
theta[131]       1.00       1.00
theta[132]       1.00       1.00
theta[133]       1.00       1.00
theta[134]       1.00       1.00
theta[135]       1.00       1.00
theta[136]       1.00       1.00
theta[137]       1.00       1.00
theta[138]       1.00       1.00
theta[139]       1.00       1.00
theta[140]       1.00       1.00
theta[141]       1.00       1.01
theta[142]       1.00       1.00
theta[143]       1.00       1.00
theta[144]       1.00       1.00
theta[145]       1.00       1.00
theta[146]       1.00       1.00
theta[147]       1.00       1.00
theta[148]       1.00       1.00
theta[149]       1.00       1.00
theta[150]       1.00       1.00
theta[151]       1.00       1.00
theta[152]       1.00       1.00
theta[153]       1.00       1.00
theta[154]       1.00       1.00
theta[155]       1.00       1.00
theta[156]       1.00       1.00
theta[157]       1.00       1.00
theta[158]       1.00       1.00
theta[159]       1.00       1.00
theta[160]       1.00       1.00
theta[161]       1.00       1.00
theta[162]       1.00       1.00
theta[163]       1.00       1.00
theta[164]       1.00       1.00
theta[165]       1.00       1.00
theta[166]       1.00       1.00
theta[167]       1.00       1.00
theta[168]       1.00       1.00
theta[169]       1.00       1.00
theta[170]       1.00       1.00
theta[171]       1.00       1.00
theta[172]       1.00       1.00
theta[173]       1.00       1.00
theta[174]       1.00       1.00
theta[175]       1.00       1.00
theta[176]       1.00       1.00
theta[177]       1.00       1.00
theta[178]       1.00       1.00
theta[179]       1.00       1.00
theta[180]       1.00       1.00
theta[181]       1.00       1.00
theta[182]       1.00       1.00
theta[183]       1.00       1.00
theta[184]       1.00       1.00
theta[185]       1.00       1.00
theta[186]       1.00       1.00
theta[187]       1.00       1.00
theta[188]       1.00       1.00
theta[189]       1.00       1.00
theta[190]       1.00       1.00
theta[191]       1.00       1.00
theta[192]       1.00       1.00
theta[193]       1.00       1.00
theta[194]       1.00       1.00
theta[195]       1.00       1.00
theta[196]       1.00       1.00
theta[197]       1.00       1.00
theta[198]       1.00       1.00
theta[199]       1.00       1.00
theta[200]       1.00       1.00
theta[201]       1.00       1.00
theta[202]       1.00       1.00
theta[203]       1.00       1.00
theta[204]       1.00       1.00
theta[205]       1.00       1.00
theta[206]       1.00       1.00
theta[207]       1.00       1.00
theta[208]       1.00       1.00
theta[209]       1.00       1.00
theta[210]       1.00       1.00
theta[211]       1.00       1.00
theta[212]       1.00       1.00
theta[213]       1.00       1.00
theta[214]       1.00       1.00
theta[215]       1.00       1.00
theta[216]       1.00       1.00
theta[217]       1.00       1.00
theta[218]       1.00       1.00
theta[219]       1.00       1.00
theta[220]       1.00       1.00
theta[221]       1.00       1.00
theta[222]       1.00       1.00
theta[223]       1.00       1.00
theta[224]       1.00       1.00
theta[225]       1.00       1.00
theta[226]       1.00       1.00
theta[227]       1.00       1.00
theta[228]       1.00       1.00
theta[229]       1.00       1.00
theta[230]       1.00       1.00
theta[231]       1.00       1.00
theta[232]       1.00       1.00
theta[233]       1.00       1.00
theta[234]       1.00       1.00
theta[235]       1.00       1.00
theta[236]       1.00       1.00
theta[237]       1.00       1.00
theta[238]       1.00       1.00
theta[239]       1.00       1.00
theta[240]       1.00       1.00
theta[241]       1.00       1.00
theta[242]       1.00       1.00
theta[243]       1.00       1.00
theta[244]       1.00       1.00
theta[245]       1.00       1.00
theta[246]       1.00       1.00
theta[247]       1.00       1.01
theta[248]       1.00       1.00
theta[249]       1.00       1.00
theta[250]       1.00       1.00
theta[251]       1.00       1.00
theta[252]       1.00       1.00
theta[253]       1.00       1.00
theta[254]       1.00       1.00
theta[255]       1.00       1.00
theta[256]       1.00       1.00
theta[257]       1.00       1.00
theta[258]       1.00       1.00
theta[259]       1.00       1.00
theta[260]       1.00       1.00
theta[261]       1.00       1.00
theta[262]       1.00       1.00
theta[263]       1.00       1.00
theta[264]       1.00       1.00
theta[265]       1.00       1.00
theta[266]       1.00       1.00
theta[267]       1.00       1.00
theta[268]       1.00       1.00
theta[269]       1.00       1.00
theta[270]       1.00       1.00
theta[271]       1.00       1.00
theta[272]       1.00       1.00
theta[273]       1.00       1.00
theta[274]       1.00       1.00
theta[275]       1.00       1.00
theta[276]       1.00       1.00
theta[277]       1.00       1.00
theta[278]       1.00       1.00
theta[279]       1.00       1.00
theta[280]       1.00       1.00
theta[281]       1.00       1.00
theta[282]       1.00       1.00
theta[283]       1.00       1.01
theta[284]       1.00       1.00
theta[285]       1.00       1.00
theta[286]       1.00       1.00
theta[287]       1.00       1.00
theta[288]       1.00       1.00
theta[289]       1.00       1.00
theta[290]       1.00       1.00
theta[291]       1.00       1.00
theta[292]       1.00       1.00
theta[293]       1.00       1.00
theta[294]       1.00       1.00
theta[295]       1.00       1.00
theta[296]       1.00       1.00
theta[297]       1.00       1.00
theta[298]       1.00       1.00
theta[299]       1.00       1.00
theta[300]       1.00       1.00
theta[301]       1.00       1.00
theta[302]       1.00       1.00
theta[303]       1.00       1.00
theta[304]       1.00       1.00
theta[305]       1.00       1.00
theta[306]       1.00       1.00
theta[307]       1.00       1.00
theta[308]       1.00       1.00
theta[309]       1.00       1.00
theta[310]       1.00       1.00
theta[311]       1.00       1.00
theta[312]       1.00       1.00
theta[313]       1.00       1.00
theta[314]       1.00       1.00
theta[315]       1.00       1.00
theta[316]       1.00       1.00
theta[317]       1.00       1.00
theta[318]       1.00       1.00
theta[319]       1.00       1.00
theta[320]       1.00       1.00
theta[321]       1.00       1.00
theta[322]       1.00       1.00
theta[323]       1.00       1.00
theta[324]       1.00       1.00
theta[325]       1.00       1.00
theta[326]       1.00       1.00
theta[327]       1.00       1.00
theta[328]       1.00       1.00
theta[329]       1.00       1.00
theta[330]       1.00       1.00
theta[331]       1.00       1.00
theta[332]       1.00       1.00
theta[333]       1.00       1.00
theta[334]       1.00       1.00
theta[335]       1.00       1.00
theta[336]       1.00       1.00
theta[337]       1.00       1.00
theta[338]       1.00       1.00
theta[339]       1.00       1.00
theta[340]       1.00       1.00
theta[341]       1.00       1.00
theta[342]       1.00       1.00
theta[343]       1.00       1.01
theta[344]       1.00       1.00
theta[345]       1.00       1.00
theta[346]       1.00       1.00
theta[347]       1.00       1.00
theta[348]       1.00       1.00
theta[349]       1.00       1.00
theta[350]       1.00       1.00
theta[351]       1.00       1.00
theta[352]       1.00       1.00
theta[353]       1.00       1.00
theta[354]       1.00       1.00
theta[355]       1.00       1.00
theta[356]       1.00       1.00
theta[357]       1.00       1.00
theta[358]       1.00       1.00
theta[359]       1.00       1.00
theta[360]       1.00       1.00
theta[361]       1.00       1.00
theta[362]       1.00       1.00
theta[363]       1.00       1.00
theta[364]       1.00       1.00
theta[365]       1.00       1.00
theta[366]       1.00       1.00
theta[367]       1.00       1.00
theta[368]       1.00       1.00
theta[369]       1.00       1.00
theta[370]       1.00       1.00
theta[371]       1.00       1.00
theta[372]       1.00       1.00
theta[373]       1.00       1.00
theta[374]       1.00       1.00
theta[375]       1.00       1.00
theta[376]       1.00       1.00
theta[377]       1.00       1.00
theta[378]       1.00       1.00
theta[379]       1.00       1.00
theta[380]       1.00       1.00
theta[381]       1.00       1.00
theta[382]       1.00       1.00
theta[383]       1.00       1.00
theta[384]       1.00       1.00
theta[385]       1.00       1.00
theta[386]       1.00       1.00
theta[387]       1.00       1.00
theta[388]       1.00       1.00
theta[389]       1.00       1.00
theta[390]       1.00       1.01
theta[391]       1.00       1.00
theta[392]       1.00       1.00
theta[393]       1.00       1.00
theta[394]       1.00       1.00
theta[395]       1.00       1.00
theta[396]       1.00       1.00
theta[397]       1.00       1.00
theta[398]       1.00       1.00
theta[399]       1.00       1.00
theta[400]       1.00       1.00
theta[401]       1.00       1.00
theta[402]       1.00       1.00
theta[403]       1.00       1.00
theta[404]       1.00       1.00
theta[405]       1.00       1.00
theta[406]       1.00       1.00
theta[407]       1.00       1.00
theta[408]       1.00       1.00
theta[409]       1.00       1.00
theta[410]       1.00       1.00
theta[411]       1.00       1.00
theta[412]       1.00       1.01
theta[413]       1.00       1.00
theta[414]       1.00       1.00
theta[415]       1.00       1.00
theta[416]       1.00       1.00
theta[417]       1.00       1.00
theta[418]       1.00       1.00
theta[419]       1.00       1.00
theta[420]       1.00       1.00
 [ reached getOption("max.print") -- omitted 80 rows ]

