		mean	sd	MC_error	val2.5pc	median	val97.5pc	start	sample
	a[1,1]	0.8879	0.06554	0.004039	0.7677	0.8853	1.018	501	1550
	a[2,1]	0.9348	0.07138	0.005141	0.8003	0.9343	1.074	501	1550
	a[3,1]	1.397	0.101	0.007292	1.204	1.395	1.6	501	1550
	a[4,1]	1.9	0.1345	0.008895	1.651	1.896	2.172	501	1550
	a[5,1]	0.7953	0.06285	0.00404	0.674	0.7927	0.9208	501	1550
	a[6,1]	1.941	0.138	0.009045	1.68	1.939	2.217	501	1550
	a[7,1]	1.85	0.1368	0.009473	1.59	1.846	2.122	501	1550
	a[8,1]	1.495	0.111	0.00736	1.29	1.491	1.728	501	1550
	a[9,1]	1.546	0.1141	0.006658	1.337	1.54	1.779	501	1550
	a[10,1]	0.5955	0.05783	0.003199	0.4863	0.593	0.7116	501	1550
	a[11,1]	0.8565	0.06662	0.003815	0.7275	0.8565	0.9939	501	1550
	a[12,1]	0.6864	0.05749	0.003777	0.5783	0.6848	0.804	501	1550
	a[13,1]	1.675	0.12	0.006989	1.441	1.669	1.92	501	1550
	a[14,1]	1.01	0.07542	0.004682	0.8694	1.009	1.161	501	1550
	a[15,1]	1.579	0.1089	0.007072	1.368	1.577	1.805	501	1550
	a[16,1]	1.409	0.09822	0.006491	1.229	1.406	1.608	501	1550
	a[17,1]	1.617	0.116	0.007381	1.386	1.618	1.85	501	1550
	a[18,1]	1.879	0.1418	0.01181	1.614	1.872	2.172	501	1550
	a[19,1]	1.154	0.08397	0.005954	0.9879	1.154	1.322	501	1550
	a[20,1]	1.709	0.1164	0.008591	1.491	1.701	1.956	501	1550
	b[1,1]	-1.988	0.1946	0.02974	-2.346	-1.966	-1.646	501	1550
	b[2,1]	-2.165	0.1713	0.02588	-2.442	-2.206	-1.845	501	1550
	b[3,1]	-1.336	0.06552	0.007818	-1.472	-1.332	-1.223	501	1550
	b[4,1]	-0.5772	0.0444	0.006	-0.664	-0.5732	-0.488	501	1550
	b[5,1]	-0.5202	0.0627	0.006506	-0.6477	-0.5251	-0.3881	501	1550
	b[6,1]	-0.1312	0.04205	0.005747	-0.2063	-0.1297	-0.05088	501	1550
	b[7,1]	-0.02637	0.03986	0.00543	-0.1045	-0.02205	0.05584	501	1550
	b[8,1]	-0.03024	0.04463	0.00577	-0.1141	-0.02807	0.05995	501	1550
	b[9,1]	-0.02524	0.041	0.00535	-0.1076	-0.0249	0.0571	501	1550
	b[10,1]	0.1194	0.07326	0.007079	-0.02712	0.1202	0.2619	501	1550
	b[11,1]	0.3973	0.0552	0.006005	0.2923	0.3978	0.5066	501	1550
	b[12,1]	0.3793	0.06687	0.006766	0.2461	0.3787	0.5092	501	1550
	b[13,1]	0.5184	0.04847	0.006759	0.4323	0.5149	0.6087	501	1550
	b[14,1]	0.6745	0.05678	0.006783	0.5689	0.6718	0.7859	501	1550
	b[15,1]	0.7552	0.04962	0.006893	0.6669	0.7507	0.8763	501	1550
	b[16,1]	0.8049	0.05202	0.006949	0.7085	0.8053	0.9078	501	1550
	b[17,1]	0.869	0.05271	0.006966	0.7739	0.8672	0.9923	501	1550
	b[18,1]	0.9002	0.04888	0.006923	0.8229	0.9056	1.007	501	1550
	b[19,1]	1.099	0.07134	0.009545	0.9595	1.095	1.229	501	1550
	b[20,1]	1.459	0.06488	0.009095	1.342	1.456	1.584	501	1550
	psi[1,2]	1.38	0.2112	0.02129	0.9689	1.374	1.786	501	1550
	psi[1,3]	1.056	0.2057	0.02293	0.6938	1.043	1.476	501	1550
	psi[1,4]	0.8254	0.1925	0.02238	0.4731	0.8186	1.239	501	1550
	psi[2,2]	0.9712	0.2142	0.02078	0.5559	0.9697	1.385	501	1550
	psi[2,3]	1.071	0.2146	0.02208	0.6818	1.069	1.484	501	1550
	psi[2,4]	0.6884	0.2157	0.02257	0.274	0.6939	1.109	501	1550
	psi[3,2]	1.528	0.1857	0.01138	1.149	1.527	1.896	501	1550
	psi[3,3]	1.111	0.1464	0.006885	0.8205	1.108	1.396	501	1550
	psi[3,4]	0.8794	0.1358	0.005625	0.6187	0.8807	1.144	501	1550
	psi[4,2]	1.852	0.1951	0.009417	1.479	1.847	2.264	501	1550
	psi[4,3]	1.652	0.1496	0.006166	1.381	1.648	1.959	501	1550
	psi[4,4]	1.06	0.1064	0.003623	0.8562	1.057	1.277	501	1550
	psi[5,2]	1.054	0.1333	0.004606	0.7861	1.058	1.317	501	1550
	psi[5,3]	0.5871	0.1166	0.004684	0.3672	0.5821	0.8103	501	1550
	psi[5,4]	0.7508	0.0953	0.003509	0.5661	0.7537	0.9484	501	1550
	psi[6,2]	1.911	0.1955	0.009012	1.528	1.91	2.297	501	1550
	psi[6,3]	1.419	0.1443	0.006114	1.15	1.417	1.703	501	1550
	psi[6,4]	1.156	0.1067	0.00372	0.953	1.155	1.372	501	1550
	psi[7,2]	1.948	0.1987	0.009425	1.578	1.946	2.342	501	1550
	psi[7,3]	1.641	0.1497	0.006156	1.357	1.64	1.932	501	1550
	psi[7,4]	1.106	0.1056	0.004082	0.9083	1.106	1.31	501	1550
	psi[8,2]	2.037	0.2012	0.009257	1.653	2.031	2.444	501	1550
	psi[8,3]	1.742	0.151	0.006157	1.439	1.738	2.051	501	1550
	psi[8,4]	1.209	0.1035	0.004363	1.003	1.21	1.419	501	1550
	psi[9,2]	1.409	0.1571	0.007082	1.112	1.407	1.719	501	1550
	psi[9,3]	1.158	0.1248	0.004904	0.9182	1.156	1.416	501	1550
	psi[9,4]	0.5495	0.1019	0.003776	0.3559	0.5478	0.7507	501	1550
	psi[10,2]	0.811	0.1335	0.005261	0.5501	0.8087	1.078	501	1550
	psi[10,3]	0.5885	0.1106	0.004174	0.3713	0.5899	0.8085	501	1550
	psi[10,4]	0.6556	0.08677	0.003717	0.4903	0.6537	0.8299	501	1550
	psi[11,2]	0.91	0.133	0.005655	0.654	0.9112	1.161	501	1550
	psi[11,3]	0.7424	0.1088	0.004565	0.5335	0.7406	0.9633	501	1550
	psi[11,4]	0.4782	0.09013	0.00306	0.3001	0.479	0.6546	501	1550
	psi[12,2]	0.8043	0.1324	0.005654	0.5507	0.8009	1.065	501	1550
	psi[12,3]	0.7819	0.1088	0.004061	0.5532	0.7835	0.9858	501	1550
	psi[12,4]	0.7045	0.08341	0.002908	0.5393	0.7053	0.8681	501	1550
	psi[13,2]	1.949	0.1847	0.006822	1.587	1.946	2.316	501	1550
	psi[13,3]	1.297	0.14	0.006253	1.032	1.293	1.581	501	1550
	psi[13,4]	0.9212	0.1013	0.00304	0.7346	0.919	1.137	501	1550
	psi[14,2]	0.8716	0.1335	0.004532	0.6005	0.8698	1.134	501	1550
	psi[14,3]	0.719	0.1195	0.005249	0.4825	0.7193	0.9497	501	1550
	psi[14,4]	0.7645	0.1006	0.00333	0.5587	0.7668	0.9567	501	1550
	psi[15,2]	1.83	0.1807	0.008173	1.48	1.831	2.194	501	1550
	psi[15,3]	1.345	0.1405	0.006987	1.079	1.34	1.61	501	1550
	psi[15,4]	1.148	0.1086	0.003934	0.9325	1.148	1.365	501	1550
	psi[16,2]	2.079	0.1867	0.008021	1.733	2.074	2.456	501	1550
	psi[16,3]	1.511	0.1466	0.006009	1.228	1.518	1.798	501	1550
	psi[16,4]	1.328	0.1073	0.004886	1.122	1.326	1.556	501	1550
	psi[17,2]	2.257	0.2052	0.0085	1.865	2.256	2.668	501	1550
	psi[17,3]	1.655	0.1536	0.005921	1.361	1.653	1.96	501	1550
	psi[17,4]	1.432	0.1135	0.0039	1.208	1.434	1.635	501	1550
	psi[18,2]	1.778	0.1942	0.01069	1.406	1.777	2.155	501	1550
	psi[18,3]	1.45	0.1591	0.00743	1.143	1.452	1.768	501	1550
	psi[18,4]	1.125	0.1175	0.004764	0.8934	1.127	1.358	501	1550
	psi[19,2]	1.42	0.1621	0.005787	1.1	1.423	1.731	501	1550
	psi[19,3]	1.296	0.1383	0.006506	1.029	1.296	1.58	501	1550
	psi[19,4]	1.052	0.1072	0.004002	0.8327	1.054	1.262	501	1550
	psi[20,2]	2.354	0.2221	0.01152	1.928	2.349	2.799	501	1550
	psi[20,3]	1.718	0.1784	0.00941	1.375	1.715	2.071	501	1550
	psi[20,4]	1.791	0.1499	0.007778	1.508	1.788	2.083	501	1550
	tau[1,2]	1.554	0.2071	0.02709	1.172	1.545	1.973	501	1550
	tau[1,3]	1.19	0.2224	0.0285	0.7945	1.171	1.631	501	1550
	tau[1,4]	0.9323	0.2192	0.02736	0.5417	0.9199	1.39	501	1550
	tau[2,2]	1.036	0.1994	0.02384	0.6488	1.04	1.397	501	1550
	tau[2,3]	1.146	0.2159	0.02615	0.7361	1.156	1.551	501	1550
	tau[2,4]	0.7384	0.2304	0.0258	0.2922	0.7411	1.183	501	1550
	tau[3,2]	1.092	0.09237	0.0073	0.9019	1.092	1.267	501	1550
	tau[3,3]	0.7955	0.09181	0.005155	0.6127	0.792	0.9821	501	1550
	tau[3,4]	0.6306	0.09364	0.004848	0.4549	0.6284	0.8138	501	1550
	tau[4,2]	0.9735	0.06379	0.004244	0.8467	0.9738	1.098	501	1550
	tau[4,3]	0.8702	0.06328	0.003848	0.7459	0.8697	1.002	501	1550
	tau[4,4]	0.5588	0.05237	0.002128	0.4584	0.5576	0.6658	501	1550
	tau[5,2]	1.326	0.1351	0.005133	1.049	1.329	1.588	501	1550
	tau[5,3]	0.738	0.1338	0.005624	0.4838	0.7402	1.002	501	1550
	tau[5,4]	0.9478	0.127	0.007205	0.7135	0.9472	1.208	501	1550
	tau[6,2]	0.9838	0.06184	0.003314	0.8602	0.9838	1.107	501	1550
	tau[6,3]	0.7315	0.05891	0.003041	0.6167	0.7331	0.8404	501	1550
	tau[6,4]	0.5968	0.05178	0.002418	0.4977	0.5945	0.703	501	1550
	tau[7,2]	1.052	0.06304	0.003101	0.9256	1.056	1.173	501	1550
	tau[7,3]	0.8881	0.06402	0.004191	0.7684	0.8831	1.013	501	1550
	tau[7,4]	0.5987	0.05118	0.002556	0.4995	0.5981	0.7015	501	1550
	tau[8,2]	1.362	0.08691	0.004845	1.194	1.363	1.533	501	1550
	tau[8,3]	1.167	0.07713	0.004958	1.017	1.163	1.325	501	1550
	tau[8,4]	0.8107	0.06536	0.003382	0.686	0.8106	0.9466	501	1550
	tau[9,2]	0.911	0.06777	0.003644	0.7758	0.9095	1.039	501	1550
	tau[9,3]	0.7497	0.06614	0.003532	0.6232	0.7457	0.8849	501	1550
	tau[9,4]	0.3558	0.06262	0.002577	0.238	0.3535	0.487	501	1550
	tau[10,2]	1.362	0.1823	0.006875	1.0	1.367	1.714	501	1550
	tau[10,3]	0.9894	0.1669	0.007411	0.6599	0.996	1.303	501	1550
	tau[10,4]	1.108	0.1575	0.008089	0.8085	1.103	1.436	501	1550
	tau[11,2]	1.061	0.1245	0.006074	0.819	1.067	1.303	501	1550
	tau[11,3]	0.8677	0.1151	0.005146	0.6567	0.8676	1.101	501	1550
	tau[11,4]	0.5595	0.1032	0.004222	0.3486	0.5582	0.7582	501	1550
	tau[12,2]	1.171	0.1629	0.006869	0.8579	1.17	1.477	501	1550
	tau[12,3]	1.141	0.1455	0.007	0.85	1.147	1.418	501	1550
	tau[12,4]	1.031	0.1309	0.007419	0.7711	1.026	1.309	501	1550
	tau[13,2]	1.163	0.06794	0.00442	1.022	1.162	1.295	501	1550
	tau[13,3]	0.7749	0.0654	0.003986	0.6515	0.7736	0.9097	501	1550
	tau[13,4]	0.551	0.0565	0.002369	0.4484	0.5475	0.6669	501	1550
	tau[14,2]	0.8609	0.1032	0.004221	0.6468	0.861	1.065	501	1550
	tau[14,3]	0.7113	0.1052	0.004067	0.5077	0.7131	0.9226	501	1550
	tau[14,4]	0.7591	0.1035	0.005027	0.5454	0.758	0.9648	501	1550
	tau[15,2]	1.159	0.07352	0.004547	1.009	1.158	1.296	501	1550
	tau[15,3]	0.8519	0.0714	0.004516	0.7109	0.8539	0.991	501	1550
	tau[15,4]	0.7283	0.06504	0.002882	0.6017	0.7253	0.8555	501	1550
	tau[16,2]	1.476	0.08767	0.006057	1.315	1.467	1.665	501	1550
	tau[16,3]	1.073	0.08491	0.005803	0.9089	1.072	1.241	501	1550
	tau[16,4]	0.9441	0.07255	0.004092	0.8017	0.9431	1.093	501	1550
	tau[17,2]	1.396	0.07505	0.004969	1.25	1.396	1.543	501	1550
	tau[17,3]	1.024	0.07403	0.00478	0.8827	1.022	1.173	501	1550
	tau[17,4]	0.8879	0.06739	0.003546	0.7577	0.8871	1.023	501	1550
	tau[18,2]	0.9448	0.06249	0.003301	0.8205	0.9446	1.067	501	1550
	tau[18,3]	0.7718	0.06554	0.003798	0.6352	0.7725	0.8985	501	1550
	tau[18,4]	0.6003	0.0613	0.003193	0.4831	0.5991	0.7233	501	1550
	tau[19,2]	1.23	0.1054	0.007615	1.021	1.228	1.44	501	1550
	tau[19,3]	1.125	0.106	0.00761	0.9197	1.122	1.343	501	1550
	tau[19,4]	0.9142	0.09929	0.007106	0.7268	0.9139	1.117	501	1550
	tau[20,2]	1.377	0.07994	0.00649	1.209	1.375	1.533	501	1550
	tau[20,3]	1.006	0.08404	0.006216	0.8456	1.006	1.174	501	1550
	tau[20,4]	1.05	0.08357	0.006453	0.898	1.049	1.212	501	1550
	theta[1,1]	-0.3367	0.2286	0.008462	-0.7499	-0.3429	0.1082	501	1550
	theta[2,1]	-0.1572	0.1722	0.01134	-0.4655	-0.1576	0.1849	501	1550
	theta[3,1]	1.194	0.1851	0.01185	0.8273	1.204	1.555	501	1550
	theta[4,1]	-1.679	0.2739	0.01546	-2.259	-1.661	-1.211	501	1550
	theta[5,1]	0.5262	0.2618	0.01432	0.02389	0.5163	1.041	501	1550
	theta[6,1]	0.2826	0.2363	0.01259	-0.1304	0.2736	0.8345	501	1550
	theta[7,1]	1.148	0.1966	0.0106	0.7983	1.15	1.543	501	1550
	theta[8,1]	-0.1939	0.1854	0.0104	-0.5602	-0.1995	0.1617	501	1550
	theta[9,1]	0.3323	0.184	0.009707	-0.03674	0.3344	0.695	501	1550
	theta[10,1]	0.2001	0.1675	0.008869	-0.09086	0.1997	0.5355	501	1550
	theta[11,1]	-0.6077	0.1814	0.01098	-0.9614	-0.6144	-0.2446	501	1550
	theta[12,1]	0.7987	0.1926	0.01172	0.4398	0.8007	1.158	501	1550
	theta[13,1]	1.219	0.233	0.01339	0.7028	1.24	1.628	501	1550
	theta[14,1]	0.6232	0.162	0.008052	0.2977	0.6286	0.9446	501	1550
	theta[15,1]	1.336	0.2045	0.01343	0.9133	1.335	1.73	501	1550
	theta[16,1]	0.409	0.19	0.01043	0.03262	0.4003	0.8042	501	1550
	theta[17,1]	-1.388	0.2215	0.01273	-1.832	-1.374	-0.9978	501	1550
	theta[18,1]	-0.5421	0.1647	0.01052	-0.8538	-0.5407	-0.2094	501	1550
	theta[19,1]	-1.08	0.1745	0.01307	-1.447	-1.066	-0.7581	501	1550
	theta[20,1]	-0.4847	0.1703	0.0108	-0.8481	-0.4756	-0.1707	501	1550
	theta[21,1]	-0.5556	0.2079	0.01238	-0.9474	-0.5707	-0.1465	501	1550
	theta[22,1]	0.1533	0.1599	0.0113	-0.1705	0.1586	0.4753	501	1550
	theta[23,1]	-0.601	0.1644	0.008502	-0.9304	-0.6054	-0.2694	501	1550
	theta[24,1]	0.1601	0.1755	0.01073	-0.2241	0.1551	0.4988	501	1550
	theta[25,1]	-0.4501	0.1688	0.01027	-0.7722	-0.4549	-0.1171	501	1550
	theta[26,1]	1.887	0.2031	0.0127	1.537	1.887	2.331	501	1550
	theta[27,1]	0.8936	0.1768	0.01051	0.5708	0.8933	1.239	501	1550
	theta[28,1]	1.054	0.1851	0.01137	0.6868	1.057	1.419	501	1550
	theta[29,1]	0.3636	0.1723	0.01094	0.03461	0.36	0.7064	501	1550
	theta[30,1]	1.543	0.1939	0.01384	1.175	1.549	1.923	501	1550
	theta[31,1]	-0.5307	0.1532	0.009207	-0.821	-0.521	-0.2423	501	1550
	theta[32,1]	-0.5705	0.161	0.01195	-0.8826	-0.567	-0.2741	501	1550
	theta[33,1]	1.382	0.1821	0.01147	1.004	1.401	1.731	501	1550
	theta[34,1]	-0.857	0.1767	0.01027	-1.196	-0.862	-0.5169	501	1550
	theta[35,1]	-0.3117	0.1765	0.01066	-0.6536	-0.3087	0.05847	501	1550
	theta[36,1]	-0.2262	0.2174	0.009011	-0.6273	-0.2425	0.2173	501	1550
	theta[37,1]	-0.3516	0.2175	0.012	-0.7864	-0.3629	0.08847	501	1550
	theta[38,1]	-0.2568	0.1463	0.007467	-0.5156	-0.264	0.05092	501	1550
	theta[39,1]	0.2758	0.1646	0.01116	-0.04578	0.2687	0.5969	501	1550
	theta[40,1]	0.1756	0.1639	0.009423	-0.1303	0.1748	0.5099	501	1550
	theta[41,1]	-0.6434	0.1746	0.01051	-0.9938	-0.6268	-0.3081	501	1550
	theta[42,1]	1.292	0.2098	0.01398	0.8588	1.304	1.717	501	1550
	theta[43,1]	-0.2512	0.1738	0.01178	-0.6021	-0.2529	0.08316	501	1550
	theta[44,1]	-0.1833	0.2159	0.01362	-0.5941	-0.1774	0.2477	501	1550
	theta[45,1]	-0.0634	0.163	0.01049	-0.3841	-0.06521	0.2588	501	1550
	theta[46,1]	0.7843	0.1883	0.008261	0.441	0.7769	1.178	501	1550
	theta[47,1]	-0.04138	0.1651	0.009744	-0.3342	-0.04623	0.2963	501	1550
	theta[48,1]	-0.3699	0.1772	0.009458	-0.7002	-0.3706	-0.01333	501	1550
	theta[49,1]	-0.537	0.1871	0.01236	-0.9069	-0.5405	-0.1806	501	1550
	theta[50,1]	-0.1212	0.1918	0.01197	-0.4861	-0.1167	0.244	501	1550
	theta[51,1]	-0.1071	0.1734	0.01091	-0.4378	-0.1009	0.2301	501	1550
	theta[52,1]	-0.659	0.1805	0.01046	-1.017	-0.6668	-0.2987	501	1550
	theta[53,1]	0.3313	0.1757	0.01047	-0.0155	0.3285	0.667	501	1550
	theta[54,1]	-1.629	0.2267	0.01156	-2.072	-1.625	-1.225	501	1550
	theta[55,1]	0.5096	0.1918	0.01085	0.1353	0.5206	0.8824	501	1550
	theta[56,1]	-1.513	0.2221	0.01179	-1.941	-1.508	-1.102	501	1550
	theta[57,1]	-0.1434	0.1678	0.01138	-0.467	-0.1425	0.1877	501	1550
	theta[58,1]	-0.6681	0.1777	0.0109	-1.011	-0.6713	-0.3155	501	1550
	theta[59,1]	-0.4933	0.1794	0.009105	-0.8613	-0.4817	-0.1589	501	1550
	theta[60,1]	-0.1008	0.2352	0.01252	-0.533	-0.1124	0.4036	501	1550
	theta[61,1]	-1.771	0.2628	0.01176	-2.331	-1.755	-1.284	501	1550
	theta[62,1]	0.9429	0.1749	0.01123	0.6155	0.9385	1.28	501	1550
	theta[63,1]	-1.453	0.2116	0.01305	-1.865	-1.442	-1.097	501	1550
	theta[64,1]	-0.2036	0.1517	0.0107	-0.4765	-0.2036	0.07953	501	1550
	theta[65,1]	-0.9841	0.2206	0.01293	-1.447	-0.9799	-0.5556	501	1550
	theta[66,1]	-0.5308	0.1597	0.00855	-0.8519	-0.5276	-0.2368	501	1550
	theta[67,1]	1.87	0.2058	0.01314	1.483	1.862	2.286	501	1550
	theta[68,1]	0.3081	0.1767	0.008673	-0.0382	0.302	0.6381	501	1550
	theta[69,1]	-0.825	0.1671	0.009082	-1.154	-0.81	-0.5149	501	1550
	theta[70,1]	-1.382	0.2259	0.01281	-1.836	-1.374	-0.9744	501	1550
	theta[71,1]	0.4425	0.207	0.01168	0.01965	0.4502	0.8513	501	1550
	theta[72,1]	0.1066	0.1808	0.01288	-0.2484	0.1175	0.4856	501	1550
	theta[73,1]	-0.3111	0.1602	0.01013	-0.6269	-0.3111	-0.008648	501	1550
	theta[74,1]	-0.7539	0.1779	0.01035	-1.115	-0.7412	-0.4275	501	1550
	theta[75,1]	-1.239	0.1889	0.01159	-1.618	-1.231	-0.8624	501	1550
	theta[76,1]	-0.7918	0.1819	0.01225	-1.191	-0.782	-0.4256	501	1550
	theta[77,1]	1.042	0.2137	0.01628	0.641	1.047	1.439	501	1550
	theta[78,1]	-0.8315	0.1926	0.01032	-1.217	-0.8314	-0.4201	501	1550
	theta[79,1]	-0.9729	0.1813	0.0118	-1.306	-0.9847	-0.6177	501	1550
	theta[80,1]	1.977	0.2334	0.01512	1.521	1.973	2.445	501	1550
	theta[81,1]	0.307	0.1822	0.009519	-0.03086	0.3152	0.6915	501	1550
	theta[82,1]	-0.2324	0.1962	0.01049	-0.5849	-0.2313	0.1815	501	1550
	theta[83,1]	0.772	0.1603	0.01043	0.4402	0.7677	1.082	501	1550
	theta[84,1]	0.7221	0.1869	0.01111	0.3473	0.724	1.066	501	1550
	theta[85,1]	-0.4081	0.2043	0.01143	-0.7488	-0.4293	0.05722	501	1550
	theta[86,1]	1.968	0.212	0.01331	1.569	1.972	2.408	501	1550
	theta[87,1]	-0.2833	0.1817	0.0103	-0.6186	-0.2941	0.1273	501	1550
	theta[88,1]	-1.129	0.189	0.01218	-1.499	-1.117	-0.7691	501	1550
	theta[89,1]	-0.2424	0.191	0.01069	-0.6046	-0.2415	0.1502	501	1550
	theta[90,1]	0.4194	0.1876	0.01151	0.07478	0.4088	0.8306	501	1550
	theta[91,1]	2.382	0.2499	0.01508	1.951	2.378	2.886	501	1550
	theta[92,1]	0.1558	0.1552	0.01104	-0.1383	0.1463	0.4578	501	1550
	theta[93,1]	0.4534	0.1844	0.01038	0.1036	0.4454	0.8486	501	1550
	theta[94,1]	0.06852	0.2236	0.01591	-0.3267	0.06246	0.5283	501	1550
	theta[95,1]	-0.47	0.1768	0.01226	-0.8023	-0.4759	-0.1513	501	1550
	theta[96,1]	-0.05211	0.1474	0.008474	-0.3575	-0.049	0.2355	501	1550
	theta[97,1]	0.8909	0.2207	0.01376	0.4318	0.8832	1.332	501	1550
	theta[98,1]	2.153	0.2223	0.01519	1.728	2.141	2.581	501	1550
	theta[99,1]	0.7708	0.1769	0.01173	0.4313	0.7625	1.159	501	1550
	theta[100,1]	1.025	0.2434	0.014	0.5476	1.022	1.482	501	1550
	theta[101,1]	-1.105	0.178	0.00976	-1.472	-1.1	-0.7745	501	1550
	theta[102,1]	0.4679	0.1915	0.01341	0.1071	0.4537	0.8753	501	1550
	theta[103,1]	0.05658	0.1736	0.01117	-0.261	0.05055	0.3976	501	1550
	theta[104,1]	-1.475	0.2086	0.01327	-1.894	-1.483	-1.077	501	1550
	theta[105,1]	0.2685	0.181	0.01239	-0.07245	0.2694	0.624	501	1550
	theta[106,1]	-0.2937	0.1617	0.009746	-0.6336	-0.2859	0.009331	501	1550
	theta[107,1]	1.116	0.2126	0.01217	0.684	1.111	1.536	501	1550
	theta[108,1]	-0.5823	0.1706	0.01037	-0.9414	-0.5896	-0.2392	501	1550
	theta[109,1]	-0.2544	0.1813	0.01164	-0.5774	-0.2603	0.1278	501	1550
	theta[110,1]	-0.6924	0.1873	0.01091	-1.07	-0.6938	-0.3073	501	1550
	theta[111,1]	-0.132	0.1651	0.00843	-0.4366	-0.1232	0.1863	501	1550
	theta[112,1]	0.3085	0.1518	0.00714	0.0116	0.3093	0.6132	501	1550
	theta[113,1]	-0.932	0.1815	0.0113	-1.296	-0.9202	-0.5851	501	1550
	theta[114,1]	0.7774	0.1843	0.009652	0.3945	0.7873	1.135	501	1550
	theta[115,1]	-0.8971	0.1673	0.01095	-1.239	-0.9077	-0.5741	501	1550
	theta[116,1]	-0.8237	0.1827	0.01053	-1.169	-0.8243	-0.4671	501	1550
	theta[117,1]	1.102	0.2142	0.013	0.6908	1.099	1.52	501	1550
	theta[118,1]	-0.832	0.164	0.01051	-1.162	-0.8214	-0.5278	501	1550
	theta[119,1]	0.5836	0.1957	0.01271	0.2152	0.5851	0.9681	501	1550
	theta[120,1]	-0.1136	0.1606	0.009798	-0.4475	-0.1059	0.1903	501	1550
	theta[121,1]	0.6896	0.1892	0.01156	0.3047	0.6841	1.072	501	1550
	theta[122,1]	1.815	0.1959	0.01245	1.468	1.799	2.243	501	1550
	theta[123,1]	1.329	0.1841	0.0146	0.9781	1.327	1.706	501	1550
	theta[124,1]	-0.1798	0.1994	0.01394	-0.5481	-0.1912	0.2301	501	1550
	theta[125,1]	-2.003	0.2651	0.01588	-2.532	-1.983	-1.529	501	1550
	theta[126,1]	2.223	0.2256	0.01259	1.796	2.219	2.684	501	1550
	theta[127,1]	0.693	0.1909	0.009873	0.3492	0.6898	1.083	501	1550
	theta[128,1]	0.4711	0.2408	0.01611	-0.009121	0.4642	0.9622	501	1550
	theta[129,1]	-0.00262	0.1667	0.01026	-0.3092	-6.707E-4	0.3262	501	1550
	theta[130,1]	0.426	0.1789	0.01019	0.06809	0.4418	0.7678	501	1550
	theta[131,1]	-0.3708	0.1818	0.009762	-0.7066	-0.3645	-0.02494	501	1550
	theta[132,1]	0.4543	0.1821	0.01089	0.08989	0.4516	0.8481	501	1550
	theta[133,1]	-0.9243	0.1925	0.01066	-1.31	-0.9197	-0.5639	501	1550
	theta[134,1]	-1.169	0.1998	0.01034	-1.579	-1.167	-0.7993	501	1550
	theta[135,1]	0.8238	0.1986	0.01373	0.4345	0.8188	1.218	501	1550
	theta[136,1]	1.481	0.2159	0.0152	1.053	1.478	1.913	501	1550
	theta[137,1]	-0.3693	0.1938	0.0109	-0.7377	-0.3734	0.01623	501	1550
	theta[138,1]	-1.292	0.1887	0.01014	-1.695	-1.292	-0.9391	501	1550
	theta[139,1]	0.6981	0.1821	0.009355	0.3349	0.7059	1.052	501	1550
	theta[140,1]	-0.1654	0.1598	0.01003	-0.4899	-0.1666	0.1548	501	1550
	theta[141,1]	-1.784	0.271	0.01905	-2.347	-1.763	-1.298	501	1550
	theta[142,1]	0.02295	0.2178	0.01455	-0.3755	0.01879	0.4567	501	1550
	theta[143,1]	-0.6206	0.1865	0.01008	-0.9953	-0.6164	-0.2791	501	1550
	theta[144,1]	-0.6098	0.1702	0.009822	-0.9202	-0.6135	-0.2785	501	1550
	theta[145,1]	-1.104	0.2047	0.01447	-1.532	-1.103	-0.7052	501	1550
	theta[146,1]	1.766	0.228	0.01631	1.28	1.779	2.189	501	1550
	theta[147,1]	-0.183	0.1581	0.00945	-0.475	-0.1843	0.144	501	1550
	theta[148,1]	-1.558	0.2091	0.01284	-1.999	-1.544	-1.181	501	1550
	theta[149,1]	0.2151	0.167	0.009573	-0.1216	0.2209	0.5257	501	1550
	theta[150,1]	0.4122	0.1781	0.009963	0.0564	0.4087	0.7862	501	1550
	theta[151,1]	-0.835	0.1707	0.01052	-1.195	-0.8286	-0.5066	501	1550
	theta[152,1]	-2.28	0.3414	0.01918	-3.045	-2.264	-1.666	501	1550
	theta[153,1]	-0.6427	0.1598	0.01025	-0.9461	-0.6448	-0.3256	501	1550
	theta[154,1]	0.5783	0.1914	0.01136	0.2044	0.5688	0.959	501	1550
	theta[155,1]	-0.3375	0.1712	0.00999	-0.6777	-0.3341	0.013	501	1550
	theta[156,1]	-0.4052	0.1815	0.009978	-0.7635	-0.4097	-0.0126	501	1550
	theta[157,1]	0.5648	0.1852	0.01216	0.2157	0.5606	0.9252	501	1550
	theta[158,1]	-1.167	0.1905	0.01201	-1.575	-1.159	-0.8235	501	1550
	theta[159,1]	1.01	0.1747	0.01124	0.6972	1.002	1.351	501	1550
	theta[160,1]	-0.02226	0.1709	0.01035	-0.3537	-0.02045	0.3342	501	1550
	theta[161,1]	0.5807	0.1976	0.01248	0.2213	0.5626	0.9984	501	1550
	theta[162,1]	0.9391	0.1722	0.009772	0.6214	0.9409	1.285	501	1550
	theta[163,1]	0.1314	0.192	0.01023	-0.2677	0.1358	0.4763	501	1550
	theta[164,1]	-0.726	0.2103	0.01177	-1.129	-0.7233	-0.3061	501	1550
	theta[165,1]	0.8797	0.1749	0.009358	0.5499	0.8872	1.218	501	1550
	theta[166,1]	-1.822	0.2684	0.01088	-2.336	-1.825	-1.262	501	1550
	theta[167,1]	-0.1049	0.2068	0.01155	-0.5043	-0.09963	0.2804	501	1550
	theta[168,1]	-0.05746	0.1983	0.01318	-0.3989	-0.05932	0.3618	501	1550
	theta[169,1]	-0.1065	0.164	0.009101	-0.4259	-0.09695	0.2062	501	1550
	theta[170,1]	0.9622	0.1922	0.01108	0.5691	0.9617	1.333	501	1550
	theta[171,1]	0.2637	0.1748	0.01237	-0.0722	0.2647	0.6212	501	1550
	theta[172,1]	0.3034	0.1826	0.008863	-0.04852	0.3094	0.6516	501	1550
	theta[173,1]	-0.1292	0.172	0.01045	-0.4493	-0.1309	0.2166	501	1550
	theta[174,1]	-0.1276	0.204	0.01215	-0.5281	-0.1249	0.2852	501	1550
	theta[175,1]	0.6893	0.2444	0.01321	0.2381	0.6892	1.177	501	1550
	theta[176,1]	1.281	0.2143	0.01518	0.8507	1.28	1.722	501	1550
	theta[177,1]	-2.018	0.3072	0.01656	-2.653	-2.004	-1.396	501	1550
	theta[178,1]	0.9296	0.272	0.01506	0.3905	0.9388	1.424	501	1550
	theta[179,1]	0.5708	0.2384	0.01092	0.1161	0.56	1.038	501	1550
	theta[180,1]	-0.11	0.1763	0.01144	-0.4584	-0.1086	0.2311	501	1550
	theta[181,1]	0.8983	0.2033	0.01272	0.5086	0.888	1.301	501	1550
	theta[182,1]	-0.1857	0.24	0.01329	-0.612	-0.2044	0.2787	501	1550
	theta[183,1]	-0.2045	0.1597	0.009946	-0.5139	-0.2143	0.1442	501	1550
	theta[184,1]	1.1	0.1834	0.01198	0.7877	1.081	1.481	501	1550
	theta[185,1]	1.606	0.1833	0.01113	1.252	1.608	1.99	501	1550
	theta[186,1]	0.1734	0.1708	0.009742	-0.1581	0.1673	0.526	501	1550
	theta[187,1]	-0.6381	0.2056	0.0107	-1.04	-0.6468	-0.2086	501	1550
	theta[188,1]	-1.019	0.1735	0.01054	-1.389	-1.01	-0.6872	501	1550
	theta[189,1]	-0.3575	0.191	0.01157	-0.74	-0.3514	0.0072	501	1550
	theta[190,1]	-0.8016	0.1651	0.007695	-1.14	-0.8019	-0.4863	501	1550
	theta[191,1]	-0.1731	0.1518	0.008456	-0.4656	-0.1779	0.1267	501	1550
	theta[192,1]	0.3141	0.1709	0.01065	-0.002952	0.3107	0.6388	501	1550
	theta[193,1]	-0.8603	0.1779	0.01187	-1.218	-0.8591	-0.539	501	1550
	theta[194,1]	2.257	0.2275	0.01511	1.841	2.263	2.744	501	1550
	theta[195,1]	-0.03113	0.1559	0.01122	-0.3394	-0.03037	0.2828	501	1550
	theta[196,1]	1.041	0.1877	0.01111	0.683	1.061	1.391	501	1550
	theta[197,1]	-2.835	0.4613	0.03101	-3.76	-2.827	-1.92	501	1550
	theta[198,1]	0.9553	0.2045	0.01208	0.546	0.9583	1.357	501	1550
	theta[199,1]	-1.012	0.1842	0.0112	-1.399	-1.018	-0.6523	501	1550
	theta[200,1]	0.9639	0.1842	0.01071	0.6116	0.9657	1.351	501	1550
	theta[201,1]	0.5303	0.2174	0.01313	0.1666	0.5164	1.02	501	1550
	theta[202,1]	-0.5049	0.1852	0.01045	-0.8453	-0.4951	-0.1137	501	1550
	theta[203,1]	1.154	0.213	0.01126	0.708	1.146	1.603	501	1550
	theta[204,1]	-0.4694	0.1943	0.01181	-0.8175	-0.4886	-0.05532	501	1550
	theta[205,1]	-0.6174	0.1686	0.009452	-0.9648	-0.6228	-0.2989	501	1550
	theta[206,1]	-0.9265	0.1844	0.01167	-1.306	-0.9162	-0.5773	501	1550
	theta[207,1]	-0.5524	0.1774	0.009846	-0.897	-0.5594	-0.2171	501	1550
	theta[208,1]	0.802	0.1775	0.01096	0.4218	0.7954	1.135	501	1550
	theta[209,1]	0.1537	0.1988	0.01312	-0.2346	0.1537	0.5034	501	1550
	theta[210,1]	0.9568	0.1809	0.01019	0.6088	0.9567	1.36	501	1550
	theta[211,1]	-0.4102	0.1768	0.01121	-0.73	-0.4173	-0.01692	501	1550
	theta[212,1]	0.4527	0.1904	0.01223	0.116	0.4337	0.9252	501	1550
	theta[213,1]	0.2606	0.1504	0.007825	-0.04438	0.263	0.5685	501	1550
	theta[214,1]	-1.559	0.2279	0.01237	-2.023	-1.54	-1.127	501	1550
	theta[215,1]	1.292	0.2314	0.01265	0.8395	1.303	1.751	501	1550
	theta[216,1]	0.3475	0.1775	0.009823	-0.006352	0.3509	0.7114	501	1550
	theta[217,1]	0.5909	0.1868	0.01	0.2353	0.595	0.9688	501	1550
	theta[218,1]	0.8921	0.21	0.01224	0.4674	0.8961	1.31	501	1550
	theta[219,1]	-0.2924	0.2162	0.01374	-0.6698	-0.3122	0.2102	501	1550
	theta[220,1]	-0.4036	0.1787	0.01025	-0.7399	-0.4118	-0.03773	501	1550
	theta[221,1]	0.7954	0.2005	0.01011	0.3996	0.7969	1.214	501	1550
	theta[222,1]	-0.8007	0.196	0.01151	-1.172	-0.7975	-0.3924	501	1550
	theta[223,1]	1.767	0.2146	0.01486	1.335	1.767	2.17	501	1550
	theta[224,1]	-0.7031	0.187	0.01223	-1.077	-0.6964	-0.3486	501	1550
	theta[225,1]	1.541	0.21	0.01479	1.159	1.539	1.949	501	1550
	theta[226,1]	1.392	0.2767	0.01911	0.602	1.421	1.877	501	1550
	theta[227,1]	0.4038	0.2181	0.01179	-0.01105	0.4189	0.841	501	1550
	theta[228,1]	0.6226	0.1718	0.009182	0.3167	0.614	0.9997	501	1550
	theta[229,1]	-0.817	0.166	0.009362	-1.159	-0.8232	-0.4988	501	1550
	theta[230,1]	-0.1313	0.2149	0.01095	-0.5572	-0.1422	0.292	501	1550
	theta[231,1]	1.033	0.2346	0.01367	0.5684	1.035	1.482	501	1550
	theta[232,1]	0.286	0.2126	0.01408	-0.1024	0.2764	0.7122	501	1550
	theta[233,1]	-0.3174	0.213	0.01364	-0.6727	-0.3486	0.1485	501	1550
	theta[234,1]	-0.5812	0.1792	0.01061	-0.9045	-0.5857	-0.1867	501	1550
	theta[235,1]	0.1903	0.1899	0.009899	-0.1554	0.1831	0.5864	501	1550
	theta[236,1]	0.8088	0.2784	0.01488	0.1785	0.8317	1.315	501	1550
	theta[237,1]	-0.3732	0.1803	0.01063	-0.7062	-0.3637	-0.02089	501	1550
	theta[238,1]	-0.03432	0.1559	0.00909	-0.3494	-0.03305	0.2843	501	1550
	theta[239,1]	-1.214	0.1946	0.01149	-1.589	-1.213	-0.8522	501	1550
	theta[240,1]	0.6428	0.1595	0.01024	0.345	0.6334	0.9822	501	1550
	theta[241,1]	1.306	0.2231	0.01417	0.8739	1.323	1.706	501	1550
	theta[242,1]	1.264	0.2112	0.01324	0.8167	1.266	1.661	501	1550
	theta[243,1]	0.7184	0.1984	0.01155	0.3196	0.7253	1.104	501	1550
	theta[244,1]	-1.525	0.2235	0.01249	-1.98	-1.507	-1.078	501	1550
	theta[245,1]	0.4537	0.2144	0.01108	0.02916	0.4493	0.8847	501	1550
	theta[246,1]	0.3107	0.2127	0.01181	-0.0977	0.3085	0.7262	501	1550
	theta[247,1]	-0.5459	0.1711	0.008189	-0.8533	-0.5511	-0.2266	501	1550
	theta[248,1]	-0.1492	0.2027	0.00974	-0.5796	-0.1438	0.2176	501	1550
	theta[249,1]	-0.9021	0.1692	0.009942	-1.245	-0.8933	-0.582	501	1550
	theta[250,1]	0.7133	0.1997	0.009957	0.3115	0.7068	1.137	501	1550
	theta[251,1]	0.06876	0.193	0.01186	-0.3476	0.07125	0.4295	501	1550
	theta[252,1]	-1.335	0.204	0.01299	-1.741	-1.333	-0.9841	501	1550
	theta[253,1]	-0.2686	0.1705	0.01227	-0.6032	-0.2764	0.07819	501	1550
	theta[254,1]	1.035	0.2382	0.01168	0.5441	1.044	1.454	501	1550
	theta[255,1]	-0.4355	0.1661	0.01032	-0.7628	-0.4311	-0.1348	501	1550
	theta[256,1]	0.8187	0.1981	0.01209	0.4451	0.8169	1.2	501	1550
	theta[257,1]	0.5079	0.1894	0.01179	0.1456	0.5189	0.8488	501	1550
	theta[258,1]	-0.2454	0.182	0.01062	-0.5877	-0.2337	0.1111	501	1550
	theta[259,1]	-0.07271	0.1762	0.01102	-0.4174	-0.07347	0.2814	501	1550
	theta[260,1]	-0.3684	0.1647	0.01118	-0.7057	-0.3661	-0.05246	501	1550
	theta[261,1]	0.8046	0.1779	0.01103	0.454	0.792	1.141	501	1550
	theta[262,1]	-0.9172	0.1896	0.01328	-1.292	-0.9081	-0.5588	501	1550
	theta[263,1]	0.1903	0.1789	0.01176	-0.1876	0.1849	0.5307	501	1550
	theta[264,1]	-0.3343	0.1706	0.01078	-0.6648	-0.3373	-0.005971	501	1550
	theta[265,1]	-1.998	0.2425	0.01352	-2.539	-1.98	-1.585	501	1550
	theta[266,1]	-1.21	0.2004	0.01063	-1.631	-1.204	-0.8205	501	1550
	theta[267,1]	0.914	0.1739	0.01071	0.578	0.9225	1.265	501	1550
	theta[268,1]	0.1411	0.1927	0.009769	-0.229	0.1361	0.551	501	1550
	theta[269,1]	0.7872	0.1843	0.01291	0.4536	0.7812	1.143	501	1550
	theta[270,1]	1.528	0.1939	0.01138	1.14	1.522	1.914	501	1550
	theta[271,1]	1.549	0.1982	0.01164	1.172	1.557	1.942	501	1550
	theta[272,1]	0.6545	0.1897	0.01118	0.3003	0.6585	1.051	501	1550
	theta[273,1]	0.4143	0.2007	0.009068	0.03341	0.3991	0.8573	501	1550
	theta[274,1]	-0.3499	0.1768	0.01053	-0.7123	-0.3408	-0.01794	501	1550
	theta[275,1]	1.506	0.2001	0.01217	1.097	1.512	1.899	501	1550
	theta[276,1]	0.6617	0.2157	0.01112	0.2154	0.6595	1.109	501	1550
	theta[277,1]	-1.195	0.2004	0.01168	-1.619	-1.191	-0.8032	501	1550
	theta[278,1]	0.1928	0.2137	0.01283	-0.2733	0.2136	0.6225	501	1550
	theta[279,1]	-2.67	0.3445	0.01602	-3.415	-2.669	-2.072	501	1550
	theta[280,1]	-0.3065	0.1802	0.009457	-0.6464	-0.312	0.07613	501	1550
	theta[281,1]	-2.058	0.291	0.01707	-2.697	-2.041	-1.541	501	1550
	theta[282,1]	1.165	0.1952	0.0123	0.7921	1.162	1.576	501	1550
	theta[283,1]	-0.7137	0.176	0.008153	-1.043	-0.7131	-0.3615	501	1550
	theta[284,1]	-0.2462	0.1737	0.01015	-0.6035	-0.2436	0.07363	501	1550
	theta[285,1]	-0.1332	0.2033	0.01163	-0.5479	-0.1335	0.2763	501	1550
	theta[286,1]	0.7662	0.2188	0.0118	0.3687	0.7649	1.21	501	1550
	theta[287,1]	0.5494	0.2229	0.01283	0.1276	0.5538	0.9893	501	1550
	theta[288,1]	0.5803	0.1802	0.009961	0.249	0.5777	0.9526	501	1550
	theta[289,1]	-0.8618	0.1697	0.01133	-1.192	-0.8538	-0.5365	501	1550
	theta[290,1]	-1.275	0.2031	0.009959	-1.719	-1.266	-0.8863	501	1550
	theta[291,1]	-0.5664	0.1765	0.01179	-0.9348	-0.5798	-0.2036	501	1550
	theta[292,1]	0.4941	0.1521	0.00942	0.1987	0.4913	0.8081	501	1550
	theta[293,1]	-0.6591	0.2085	0.01249	-1.058	-0.663	-0.2398	501	1550
	theta[294,1]	-0.1181	0.1554	0.009582	-0.4032	-0.1338	0.1946	501	1550
	theta[295,1]	-0.598	0.1654	0.009785	-0.9525	-0.6009	-0.2483	501	1550
	theta[296,1]	0.1397	0.168	0.009732	-0.1739	0.153	0.4677	501	1550
	theta[297,1]	0.3578	0.1911	0.01143	0.01129	0.3489	0.7533	501	1550
	theta[298,1]	0.07318	0.1651	0.01065	-0.2512	0.07375	0.3883	501	1550
	theta[299,1]	-0.2403	0.1757	0.009318	-0.5849	-0.2411	0.1043	501	1550
	theta[300,1]	1.775	0.2024	0.01286	1.394	1.764	2.178	501	1550
	theta[301,1]	0.5991	0.1745	0.008346	0.2883	0.5934	0.9714	501	1550
	theta[302,1]	1.037	0.1985	0.011	0.6157	1.052	1.399	501	1550
	theta[303,1]	-0.7914	0.171	0.009363	-1.145	-0.7812	-0.4833	501	1550
	theta[304,1]	0.1825	0.1619	0.009129	-0.1324	0.1795	0.5077	501	1550
	theta[305,1]	1.059	0.2121	0.01322	0.6762	1.045	1.48	501	1550
	theta[306,1]	-0.3542	0.1851	0.00825	-0.7195	-0.3548	0.00385	501	1550
	theta[307,1]	-1.674	0.2499	0.01719	-2.187	-1.654	-1.21	501	1550
	theta[308,1]	0.3861	0.1753	0.009355	0.03255	0.3907	0.7295	501	1550
	theta[309,1]	-1.79	0.255	0.01301	-2.334	-1.775	-1.33	501	1550
	theta[310,1]	-0.9308	0.1724	0.0101	-1.295	-0.9275	-0.6158	501	1550
	theta[311,1]	1.525	0.2114	0.01105	1.117	1.53	1.915	501	1550
	theta[312,1]	0.8285	0.1787	0.008965	0.4613	0.8375	1.19	501	1550
	theta[313,1]	1.103	0.2025	0.01134	0.6873	1.104	1.466	501	1550
	theta[314,1]	0.5515	0.2112	0.01087	0.1387	0.527	0.9618	501	1550
	theta[315,1]	-0.2514	0.1947	0.01041	-0.5858	-0.2533	0.1477	501	1550
	theta[316,1]	-0.8764	0.1823	0.01256	-1.238	-0.8744	-0.4934	501	1550
	theta[317,1]	1.311	0.1984	0.01246	0.9267	1.313	1.731	501	1550
	theta[318,1]	0.1584	0.1729	0.009312	-0.1879	0.1624	0.4964	501	1550
	theta[319,1]	-0.2946	0.1776	0.009211	-0.674	-0.2888	0.03731	501	1550
	theta[320,1]	0.8316	0.1857	0.01105	0.5037	0.8237	1.223	501	1550
	theta[321,1]	1.104	0.1997	0.01151	0.6807	1.109	1.46	501	1550
	theta[322,1]	2.138	0.2299	0.01122	1.731	2.143	2.615	501	1550
	theta[323,1]	-0.3692	0.1584	0.009984	-0.6738	-0.3798	-0.0345	501	1550
	theta[324,1]	-0.431	0.1891	0.01203	-0.7812	-0.4351	-0.04497	501	1550
	theta[325,1]	-0.5113	0.1734	0.009473	-0.8748	-0.4952	-0.1977	501	1550
	theta[326,1]	-0.4026	0.1866	0.01182	-0.7506	-0.4005	-0.02475	501	1550
	theta[327,1]	-0.4436	0.1734	0.01065	-0.7656	-0.4429	-0.1119	501	1550
	theta[328,1]	-0.1427	0.2004	0.01231	-0.5114	-0.1566	0.2449	501	1550
	theta[329,1]	1.361	0.2077	0.01438	0.9879	1.352	1.843	501	1550
	theta[330,1]	-0.6088	0.1637	0.01057	-0.9359	-0.5961	-0.2906	501	1550
	theta[331,1]	-0.5662	0.1681	0.01017	-0.902	-0.5611	-0.2449	501	1550
	theta[332,1]	0.3492	0.162	0.01034	0.0019	0.3498	0.6732	501	1550
	theta[333,1]	1.162	0.1809	0.009943	0.7529	1.16	1.52	501	1550
	theta[334,1]	-0.8825	0.1665	0.008018	-1.227	-0.8745	-0.5944	501	1550
	theta[335,1]	-0.4716	0.1599	0.01058	-0.7834	-0.4729	-0.1641	501	1550
	theta[336,1]	0.5133	0.2468	0.01656	0.02336	0.5162	1.022	501	1550
	theta[337,1]	1.019	0.2078	0.0137	0.5784	1.017	1.421	501	1550
	theta[338,1]	-0.2094	0.1706	0.01017	-0.5297	-0.2177	0.1603	501	1550
	theta[339,1]	-1.468	0.2417	0.01456	-1.937	-1.468	-0.987	501	1550
	theta[340,1]	1.703	0.1965	0.01495	1.343	1.692	2.113	501	1550
	theta[341,1]	1.608	0.193	0.01184	1.249	1.609	2.006	501	1550
	theta[342,1]	-0.8168	0.1836	0.0112	-1.173	-0.8174	-0.4796	501	1550
	theta[343,1]	-0.123	0.1551	0.008278	-0.4421	-0.1213	0.1737	501	1550
	theta[344,1]	-1.522	0.2288	0.01435	-1.981	-1.524	-1.099	501	1550
	theta[345,1]	0.4528	0.1573	0.009456	0.1621	0.4368	0.7756	501	1550
	theta[346,1]	1.469	0.1819	0.01033	1.123	1.475	1.864	501	1550
	theta[347,1]	-1.552	0.2144	0.01072	-1.977	-1.531	-1.168	501	1550
	theta[348,1]	-0.8431	0.1867	0.01099	-1.213	-0.857	-0.473	501	1550
	theta[349,1]	-0.6171	0.1638	0.009575	-0.9401	-0.6167	-0.3021	501	1550
	theta[350,1]	-0.7528	0.1891	0.01255	-1.122	-0.7607	-0.3734	501	1550
	theta[351,1]	-2.368	0.3233	0.01685	-3.008	-2.349	-1.779	501	1550
	theta[352,1]	0.08994	0.1573	0.009643	-0.1902	0.08284	0.4245	501	1550
	theta[353,1]	-1.438	0.2125	0.01185	-1.851	-1.427	-1.066	501	1550
	theta[354,1]	-0.07386	0.2244	0.01274	-0.5139	-0.07677	0.353	501	1550
	theta[355,1]	0.5996	0.1958	0.01345	0.239	0.5973	1.017	501	1550
	theta[356,1]	0.09495	0.2609	0.01822	-0.3203	0.07573	0.698	501	1550
	theta[357,1]	1.136	0.1797	0.01181	0.7888	1.138	1.494	501	1550
	theta[358,1]	-0.004653	0.2085	0.01302	-0.4055	-0.003711	0.3893	501	1550
	theta[359,1]	-0.815	0.1936	0.01094	-1.192	-0.8225	-0.4355	501	1550
	theta[360,1]	0.6641	0.1742	0.009932	0.3162	0.6562	1.01	501	1550
	theta[361,1]	-0.3311	0.1768	0.01202	-0.6488	-0.339	0.08879	501	1550
	theta[362,1]	1.555	0.1818	0.01278	1.206	1.561	1.91	501	1550
	theta[363,1]	0.224	0.1889	0.01178	-0.1763	0.2356	0.5927	501	1550
	theta[364,1]	0.8575	0.1887	0.01117	0.5091	0.8593	1.225	501	1550
	theta[365,1]	0.1393	0.1715	0.01089	-0.2116	0.145	0.4903	501	1550
	theta[366,1]	0.5348	2.356	0.2951	-2.816	2.22	3.031	501	1550
	theta[367,1]	-1.117	0.1851	0.0113	-1.5	-1.109	-0.7672	501	1550
	theta[368,1]	-0.3521	0.1639	0.009695	-0.6658	-0.3518	-0.02012	501	1550
	theta[369,1]	0.1986	0.1702	0.008677	-0.1653	0.1999	0.5422	501	1550
	theta[370,1]	-1.724	0.2596	0.01277	-2.249	-1.702	-1.266	501	1550
	theta[371,1]	0.9207	0.193	0.01234	0.5832	0.9138	1.336	501	1550
	theta[372,1]	-0.3935	0.1731	0.009023	-0.7254	-0.3802	-0.04001	501	1550
	theta[373,1]	-0.5552	0.1705	0.01074	-0.8732	-0.5583	-0.1842	501	1550
	theta[374,1]	-1.343	0.2159	0.01382	-1.763	-1.328	-0.909	501	1550
	theta[375,1]	-1.17	0.1898	0.01289	-1.542	-1.169	-0.804	501	1550
	theta[376,1]	0.03971	0.1714	0.009789	-0.2984	0.03547	0.3626	501	1550
	theta[377,1]	0.5342	0.1683	0.01009	0.2083	0.536	0.8678	501	1550
	theta[378,1]	-2.497	0.3531	0.02506	-3.295	-2.47	-1.827	501	1550
	theta[379,1]	-0.6897	0.2122	0.01104	-1.097	-0.7137	-0.297	501	1550
	theta[380,1]	0.5194	0.2521	0.01808	0.05393	0.492	1.044	501	1550
	theta[381,1]	-0.2405	0.1564	0.009422	-0.5571	-0.2299	0.05772	501	1550
	theta[382,1]	1.874	0.1962	0.01457	1.486	1.875	2.267	501	1550
	theta[383,1]	1.096	0.2345	0.01675	0.5805	1.117	1.496	501	1550
	theta[384,1]	0.7086	0.1636	0.0109	0.3748	0.7159	1.03	501	1550
	theta[385,1]	-0.1225	0.1829	0.008154	-0.4795	-0.1257	0.266	501	1550
	theta[386,1]	0.4147	0.1716	0.009237	0.1055	0.3982	0.7806	501	1550
	theta[387,1]	-0.8544	0.1825	0.01146	-1.216	-0.8566	-0.5059	501	1550
	theta[388,1]	0.7689	0.2036	0.01123	0.3475	0.7753	1.139	501	1550
	theta[389,1]	1.408	0.198	0.01302	1.006	1.417	1.759	501	1550
	theta[390,1]	1.314	0.1968	0.01503	0.8966	1.318	1.662	501	1550
	theta[391,1]	-0.9622	0.1693	0.008334	-1.301	-0.9479	-0.6245	501	1550
	theta[392,1]	-2.137	0.3556	0.02046	-2.905	-2.115	-1.51	501	1550
	theta[393,1]	0.1469	0.1815	0.007274	-0.176	0.1364	0.5199	501	1550
	theta[394,1]	0.0913	0.188	0.01048	-0.2649	0.09958	0.4766	501	1550
	theta[395,1]	1.348	0.1781	0.01173	1.013	1.349	1.701	501	1550
	theta[396,1]	-1.074	0.2044	0.01083	-1.511	-1.054	-0.7042	501	1550
	theta[397,1]	0.3364	0.1748	0.0111	-0.009316	0.3241	0.7024	501	1550
	theta[398,1]	0.1243	0.1549	0.01076	-0.1612	0.1131	0.443	501	1550
	theta[399,1]	1.109	0.2009	0.0106	0.7	1.1	1.512	501	1550
	theta[400,1]	0.01966	0.1504	0.008784	-0.2952	0.02288	0.3044	501	1550
	theta[401,1]	-0.204	0.1587	0.008821	-0.5612	-0.1915	0.08182	501	1550
	theta[402,1]	-1.375	0.2165	0.01221	-1.823	-1.372	-0.9697	501	1550
	theta[403,1]	-0.09973	0.2273	0.01554	-0.4865	-0.1174	0.4236	501	1550
	theta[404,1]	-0.6161	0.1669	0.01026	-0.9575	-0.6147	-0.2808	501	1550
	theta[405,1]	2.263	0.242	0.01742	1.784	2.267	2.757	501	1550
	theta[406,1]	2.267	0.2379	0.01564	1.815	2.266	2.742	501	1550
	theta[407,1]	-0.2718	0.1787	0.01068	-0.6641	-0.2657	0.07339	501	1550
	theta[408,1]	-1.051	0.201	0.01351	-1.443	-1.048	-0.6881	501	1550
	theta[409,1]	-1.721	0.2823	0.01816	-2.307	-1.714	-1.212	501	1550
	theta[410,1]	0.6279	0.1853	0.01016	0.2833	0.6274	0.9989	501	1550
	theta[411,1]	-0.84	0.223	0.01252	-1.212	-0.8583	-0.35	501	1550
	theta[412,1]	2.159	0.2322	0.01646	1.721	2.146	2.603	501	1550
	theta[413,1]	-0.911	0.186	0.01148	-1.277	-0.9159	-0.5471	501	1550
	theta[414,1]	0.131	0.1575	0.009786	-0.1684	0.1317	0.4615	501	1550
	theta[415,1]	3.28	0.3996	0.02491	2.623	3.243	4.129	501	1550
	theta[416,1]	-0.9391	0.1943	0.01086	-1.305	-0.9387	-0.5409	501	1550
	theta[417,1]	0.2185	0.1779	0.01028	-0.1158	0.2233	0.5486	501	1550
	theta[418,1]	-0.9492	0.2051	0.0139	-1.415	-0.9335	-0.5761	501	1550
	theta[419,1]	0.2061	0.1841	0.0103	-0.1995	0.2228	0.5308	501	1550
	theta[420,1]	-0.5743	0.196	0.0107	-0.9605	-0.5777	-0.1867	501	1550
	theta[421,1]	-0.251	0.173	0.01036	-0.6313	-0.2556	0.104	501	1550
	theta[422,1]	-0.1503	0.1857	0.01067	-0.5012	-0.1541	0.2456	501	1550
	theta[423,1]	-1.116	0.1972	0.008825	-1.478	-1.115	-0.754	501	1550
	theta[424,1]	0.2611	0.1801	0.01132	-0.05529	0.2445	0.6294	501	1550
	theta[425,1]	1.196	0.1888	0.01412	0.8326	1.191	1.592	501	1550
	theta[426,1]	1.784	0.2073	0.01285	1.386	1.778	2.206	501	1550
	theta[427,1]	-1.313	0.1873	0.00957	-1.69	-1.309	-0.9207	501	1550
	theta[428,1]	-0.3644	0.2021	0.01129	-0.7354	-0.3627	0.05788	501	1550
	theta[429,1]	0.9752	0.1893	0.01246	0.5943	0.9608	1.391	501	1550
	theta[430,1]	-1.093	0.2188	0.01181	-1.502	-1.096	-0.6882	501	1550
	theta[431,1]	-2.153	0.3172	0.01545	-2.807	-2.122	-1.563	501	1550
	theta[432,1]	-0.7405	0.1715	0.01023	-1.083	-0.7332	-0.3911	501	1550
	theta[433,1]	-0.9433	0.1778	0.01027	-1.298	-0.9482	-0.594	501	1550
	theta[434,1]	0.3027	0.2092	0.01106	-0.1043	0.3097	0.7082	501	1550
	theta[435,1]	-0.3647	0.1695	0.01043	-0.6945	-0.37	-0.02391	501	1550
	theta[436,1]	0.00426	0.1709	0.01077	-0.3381	0.003011	0.3147	501	1550
	theta[437,1]	-0.4921	0.1702	0.009617	-0.827	-0.4976	-0.1145	501	1550
	theta[438,1]	0.5483	0.2071	0.01445	0.189	0.5457	0.9457	501	1550
	theta[439,1]	-0.4398	0.1718	0.009637	-0.7678	-0.442	-0.1024	501	1550
	theta[440,1]	1.302	0.2572	0.01558	0.7338	1.301	1.788	501	1550
	theta[441,1]	-0.8563	0.1969	0.009953	-1.225	-0.8546	-0.4503	501	1550
	theta[442,1]	0.1974	0.2076	0.01294	-0.2315	0.1971	0.5831	501	1550
	theta[443,1]	-0.9923	0.1826	0.01136	-1.352	-0.9994	-0.6311	501	1550
	theta[444,1]	0.4215	0.1559	0.008401	0.1094	0.4257	0.7304	501	1550
	theta[445,1]	-0.1037	0.1587	0.009851	-0.3951	-0.1095	0.2256	501	1550
	theta[446,1]	-1.566	0.2479	0.01524	-2.061	-1.553	-1.149	501	1550
	theta[447,1]	-0.2322	0.1915	0.01058	-0.5964	-0.2335	0.1455	501	1550
	theta[448,1]	0.938	0.189	0.01114	0.5845	0.9292	1.309	501	1550
	theta[449,1]	0.8476	0.2376	0.01328	0.3321	0.8501	1.345	501	1550
	theta[450,1]	0.1246	0.1568	0.00943	-0.1554	0.1174	0.4536	501	1550
	theta[451,1]	-1.367	0.2017	0.0102	-1.777	-1.373	-0.9958	501	1550
	theta[452,1]	0.917	0.1677	0.01056	0.6138	0.9219	1.26	501	1550
	theta[453,1]	0.128	0.1783	0.01315	-0.2195	0.1247	0.4949	501	1550
	theta[454,1]	-0.4165	0.1683	0.01023	-0.7318	-0.4069	-0.07736	501	1550
	theta[455,1]	1.664	0.2248	0.01191	1.206	1.668	2.072	501	1550
	theta[456,1]	-0.7933	0.1764	0.01297	-1.141	-0.7948	-0.4543	501	1550
	theta[457,1]	-0.1312	0.1528	0.007943	-0.4243	-0.1339	0.1692	501	1550
	theta[458,1]	1.063	0.2121	0.01319	0.5582	1.078	1.438	501	1550
	theta[459,1]	0.7395	0.1903	0.01071	0.3859	0.7295	1.128	501	1550
	theta[460,1]	-0.1515	0.1648	0.01029	-0.5055	-0.1518	0.1457	501	1550
	theta[461,1]	-0.2481	0.1865	0.007708	-0.59	-0.2506	0.1217	501	1550
	theta[462,1]	0.3398	0.1745	0.01122	0.01019	0.3352	0.6809	501	1550
	theta[463,1]	0.8029	0.2135	0.01262	0.3633	0.7944	1.232	501	1550
	theta[464,1]	-0.05647	0.1838	0.01023	-0.4222	-0.05287	0.3474	501	1550
	theta[465,1]	0.8588	0.1927	0.01411	0.487	0.8442	1.24	501	1550
	theta[466,1]	-0.448	0.1839	0.009638	-0.799	-0.4517	-0.08167	501	1550
	theta[467,1]	-0.422	0.1955	0.009933	-0.7904	-0.4279	-0.008158	501	1550
	theta[468,1]	0.3919	0.178	0.01028	0.01707	0.3959	0.6943	501	1550
	theta[469,1]	-1.611	0.2356	0.0112	-2.1	-1.601	-1.191	501	1550
	theta[470,1]	0.5574	0.1949	0.01024	0.211	0.5388	0.9739	501	1550
	theta[471,1]	0.5125	0.2186	0.01126	0.09308	0.5036	0.927	501	1550
	theta[472,1]	-0.5217	0.1963	0.01254	-0.9029	-0.5122	-0.1414	501	1550
	theta[473,1]	-0.9132	0.1693	0.01154	-1.244	-0.9071	-0.5896	501	1550
	theta[474,1]	-0.7464	0.1681	0.008987	-1.079	-0.739	-0.4342	501	1550
	theta[475,1]	1.479	0.2002	0.01211	1.069	1.48	1.867	501	1550
	theta[476,1]	-0.6212	0.1641	0.01056	-0.9253	-0.6257	-0.2798	501	1550
	theta[477,1]	-2.471	0.3594	0.02233	-3.232	-2.429	-1.845	501	1550
	theta[478,1]	0.7738	0.1992	0.00954	0.3677	0.7746	1.152	501	1550
	theta[479,1]	-0.5904	0.1862	0.01085	-0.918	-0.596	-0.2184	501	1550
	theta[480,1]	-0.2516	0.1761	0.008272	-0.6226	-0.2474	0.09359	501	1550
	theta[481,1]	-1.004	0.1779	0.01022	-1.354	-1.002	-0.6602	501	1550
	theta[482,1]	0.002427	0.1798	0.01032	-0.379	0.003219	0.3521	501	1550
	theta[483,1]	0.6786	0.1658	0.01002	0.3594	0.6785	1.027	501	1550
	theta[484,1]	-0.4562	0.1721	0.0088	-0.7738	-0.4668	-0.09113	501	1550
	theta[485,1]	-0.5171	0.1702	0.01022	-0.8635	-0.5144	-0.1987	501	1550
	theta[486,1]	0.8873	0.1835	0.01109	0.5429	0.8871	1.261	501	1550
	theta[487,1]	-0.07058	0.2264	0.01375	-0.5006	-0.06407	0.3899	501	1550
	theta[488,1]	-0.2972	0.1762	0.009716	-0.6067	-0.2952	0.03858	501	1550
	theta[489,1]	-0.19	0.2494	0.01236	-0.6241	-0.2181	0.3396	501	1550
	theta[490,1]	0.8712	0.1912	0.01004	0.5129	0.8669	1.278	501	1550
	theta[491,1]	-0.8864	0.197	0.01349	-1.296	-0.877	-0.4956	501	1550
	theta[492,1]	0.8491	0.1678	0.0114	0.5489	0.847	1.204	501	1550
	theta[493,1]	0.7794	0.1735	0.01186	0.4592	0.778	1.114	501	1550
	theta[494,1]	-0.498	0.1545	0.01029	-0.7993	-0.5004	-0.1965	501	1550
	theta[495,1]	1.037	0.1814	0.0112	0.701	1.049	1.353	501	1550
	theta[496,1]	0.9762	0.163	0.01032	0.6673	0.9818	1.294	501	1550
	theta[497,1]	0.5107	0.173	0.01143	0.1835	0.5097	0.8678	501	1550
	theta[498,1]	1.941	0.2126	0.01374	1.519	1.94	2.375	501	1550
	theta[499,1]	-2.071	0.2721	0.01726	-2.66	-2.07	-1.539	501	1550
	theta[500,1]	-0.8765	0.1846	0.0105	-1.243	-0.8847	-0.5112	501	1550
	theta[501,1]	-0.9041	0.188	0.009246	-1.255	-0.9085	-0.5285	501	1550
	theta[502,1]	0.3061	0.2117	0.0109	-0.05754	0.3066	0.7443	501	1550
	theta[503,1]	1.555	0.2053	0.0128	1.134	1.556	1.941	501	1550
	theta[504,1]	1.608	0.1844	0.01101	1.253	1.603	1.956	501	1550
	theta[505,1]	0.4432	0.1646	0.01037	0.09238	0.4498	0.755	501	1550
	theta[506,1]	0.9278	0.1783	0.01092	0.6013	0.9294	1.283	501	1550
	theta[507,1]	-0.009843	0.1879	0.009917	-0.3813	-0.008011	0.3293	501	1550
	theta[508,1]	0.7955	0.1832	0.01114	0.4387	0.7984	1.158	501	1550
	theta[509,1]	0.2696	0.2294	0.01529	-0.1758	0.2685	0.7462	501	1550
	theta[510,1]	-0.8694	0.1837	0.01116	-1.255	-0.8551	-0.5209	501	1550
	theta[511,1]	-0.1793	0.1595	0.008216	-0.5092	-0.1829	0.1401	501	1550
	theta[512,1]	0.3186	0.178	0.01106	-0.02121	0.3277	0.6677	501	1550
	theta[513,1]	1.412	0.1887	0.01137	1.055	1.403	1.8	501	1550
	theta[514,1]	-1.055	0.1842	0.01098	-1.42	-1.055	-0.731	501	1550
	theta[515,1]	-1.899	0.2526	0.01391	-2.389	-1.897	-1.41	501	1550
	theta[516,1]	0.7967	0.1897	0.009472	0.4145	0.7901	1.164	501	1550
	theta[517,1]	-0.9941	0.1785	0.01138	-1.365	-0.9977	-0.6594	501	1550
	theta[518,1]	0.1434	0.1711	0.0103	-0.1716	0.1426	0.4967	501	1550
	theta[519,1]	0.8108	0.1705	0.01035	0.4865	0.8129	1.167	501	1550
	theta[520,1]	-0.6244	0.1636	0.01113	-0.9646	-0.6119	-0.3346	501	1550
	theta[521,1]	-0.3353	0.1801	0.009828	-0.6966	-0.3459	0.02097	501	1550
	theta[522,1]	1.337	0.1828	0.01209	0.9816	1.333	1.715	501	1550
	theta[523,1]	0.3529	0.1734	0.009862	-0.03088	0.3675	0.6489	501	1550
	theta[524,1]	0.6315	0.1944	0.01071	0.264	0.6207	1.039	501	1550
	theta[525,1]	-0.1232	0.162	0.008293	-0.4322	-0.1227	0.1992	501	1550
	theta[526,1]	-0.9815	0.1905	0.01197	-1.389	-0.9663	-0.578	501	1550
	theta[527,1]	-1.645	0.2476	0.01267	-2.127	-1.634	-1.179	501	1550
	theta[528,1]	-0.1994	0.1689	0.01112	-0.5679	-0.1948	0.1427	501	1550
	theta[529,1]	1.862	0.1949	0.01183	1.512	1.865	2.261	501	1550
	theta[530,1]	-0.06586	0.2149	0.01069	-0.4615	-0.07099	0.3399	501	1550
	theta[531,1]	0.3684	0.1812	0.01143	-0.0101	0.3694	0.6893	501	1550
	theta[532,1]	0.2917	0.1724	0.009541	-0.06603	0.2976	0.6382	501	1550
	theta[533,1]	-0.2436	0.1666	0.008288	-0.5507	-0.2601	0.1242	501	1550
	theta[534,1]	-1.324	0.2124	0.009914	-1.752	-1.328	-0.8828	501	1550
	theta[535,1]	2.644	0.2783	0.01755	2.148	2.649	3.201	501	1550
	theta[536,1]	-0.3583	0.1661	0.008344	-0.6779	-0.3562	-0.05315	501	1550
	theta[537,1]	-0.3008	0.1897	0.01149	-0.6786	-0.2722	0.06356	501	1550
	theta[538,1]	-1.888	0.2626	0.01597	-2.453	-1.873	-1.406	501	1550
	theta[539,1]	-0.1821	0.1679	0.01143	-0.5112	-0.1901	0.1548	501	1550
	theta[540,1]	-0.27	0.1885	0.01098	-0.6259	-0.2805	0.119	501	1550
	theta[541,1]	-0.3042	0.1599	0.01029	-0.6095	-0.3064	0.04649	501	1550
	theta[542,1]	-1.829	0.2907	0.01391	-2.42	-1.838	-1.263	501	1550
	theta[543,1]	1.338	0.2086	0.01177	0.9237	1.33	1.772	501	1550
	theta[544,1]	1.607	0.2061	0.01168	1.214	1.6	2.03	501	1550
	theta[545,1]	0.7616	0.1833	0.01348	0.4429	0.7652	1.151	501	1550
	theta[546,1]	-0.9744	0.1948	0.009823	-1.34	-0.9711	-0.5768	501	1550
	theta[547,1]	1.09	0.1963	0.01091	0.663	1.087	1.456	501	1550
	theta[548,1]	-0.0155	0.1662	0.009291	-0.3336	-0.01853	0.2982	501	1550
	theta[549,1]	-0.3781	0.1789	0.01105	-0.7402	-0.374	-0.04569	501	1550
	theta[550,1]	1.291	0.1879	0.01049	0.9436	1.279	1.65	501	1550
	theta[551,1]	-1.551	0.2206	0.01127	-1.985	-1.551	-1.136	501	1550
	theta[552,1]	-0.6406	0.1787	0.01091	-0.9894	-0.6417	-0.2982	501	1550
	theta[553,1]	-0.3769	0.1839	0.009996	-0.7634	-0.3817	-0.009186	501	1550
	theta[554,1]	0.2351	0.1646	0.00859	-0.05796	0.2369	0.5799	501	1550
	theta[555,1]	-1.305	0.1818	0.01005	-1.662	-1.3	-0.9595	501	1550
	theta[556,1]	-0.6303	0.1659	0.01079	-0.9525	-0.6433	-0.3258	501	1550
	theta[557,1]	0.6202	0.1819	0.01064	0.2592	0.6296	0.9844	501	1550
	theta[558,1]	0.3571	0.1997	0.01159	-0.02877	0.3491	0.8001	501	1550
	theta[559,1]	-0.9207	0.182	0.009888	-1.264	-0.9203	-0.5604	501	1550
	theta[560,1]	0.6152	0.1812	0.01048	0.2525	0.6132	0.9766	501	1550
	theta[561,1]	-2.457	0.3477	0.01648	-3.192	-2.438	-1.759	501	1550
	theta[562,1]	-0.0827	0.1822	0.01133	-0.4304	-0.09121	0.2866	501	1550
	theta[563,1]	0.8543	0.1985	0.01342	0.4611	0.8585	1.254	501	1550
	theta[564,1]	-0.6337	0.1652	0.009549	-0.9578	-0.6238	-0.3273	501	1550
	theta[565,1]	-0.1452	0.1947	0.009214	-0.5073	-0.1419	0.2436	501	1550
	theta[566,1]	-1.539	0.2108	0.01288	-1.985	-1.524	-1.147	501	1550
	theta[567,1]	0.9107	0.1994	0.01152	0.4837	0.9031	1.306	501	1550
	theta[568,1]	-1.654	0.2287	0.01343	-2.103	-1.652	-1.25	501	1550
	theta[569,1]	-0.1682	0.1576	0.009995	-0.4658	-0.1651	0.1431	501	1550
	theta[570,1]	-0.2064	0.177	0.009475	-0.5376	-0.2088	0.1772	501	1550
	theta[571,1]	-0.1698	0.174	0.009055	-0.4988	-0.1758	0.1575	501	1550
	theta[572,1]	-0.4559	0.2193	0.01116	-0.8439	-0.4656	-0.01835	501	1550
	theta[573,1]	1.964	0.1937	0.0152	1.566	1.962	2.361	501	1550
	theta[574,1]	-1.084	0.1952	0.01082	-1.496	-1.084	-0.7098	501	1550
	theta[575,1]	0.4417	0.1936	0.01177	0.08336	0.4378	0.8488	501	1550
	theta[576,1]	-2.579	0.3834	0.01772	-3.363	-2.564	-1.862	501	1550
	theta[577,1]	0.01766	0.2126	0.01099	-0.4072	0.01288	0.4312	501	1550
	theta[578,1]	0.5809	0.2003	0.01436	0.2164	0.5817	0.9931	501	1550
	theta[579,1]	-1.282	0.2143	0.01168	-1.756	-1.265	-0.8856	501	1550
	theta[580,1]	0.6541	0.168	0.009878	0.3169	0.6534	0.9915	501	1550
	theta[581,1]	0.2425	0.1861	0.01075	-0.159	0.2551	0.5869	501	1550
	theta[582,1]	0.571	0.1901	0.01085	0.1843	0.5675	0.9734	501	1550
	theta[583,1]	-0.9954	0.2061	0.009863	-1.423	-0.9886	-0.6081	501	1550
	theta[584,1]	-0.8672	0.1707	0.01113	-1.255	-0.8662	-0.5597	501	1550
	theta[585,1]	-1.753	0.2389	0.01537	-2.248	-1.744	-1.34	501	1550
	theta[586,1]	-0.2311	0.1822	0.009956	-0.6043	-0.2332	0.1347	501	1550
	theta[587,1]	-1.343	0.1716	0.01111	-1.69	-1.336	-1.018	501	1550
	theta[588,1]	1.11	0.2008	0.01242	0.7129	1.121	1.476	501	1550
	theta[589,1]	0.1807	0.1817	0.01085	-0.1877	0.1776	0.5256	501	1550
	theta[590,1]	1.541	0.232	0.01579	1.03	1.546	2.001	501	1550
	theta[591,1]	-0.8785	0.1864	0.01092	-1.247	-0.865	-0.5335	501	1550
	theta[592,1]	1.306	0.2018	0.01179	0.9086	1.31	1.736	501	1550
	theta[593,1]	-0.5456	0.1836	0.01024	-0.9476	-0.5483	-0.2069	501	1550
	theta[594,1]	-1.36	0.226	0.01452	-1.836	-1.364	-0.9509	501	1550
	theta[595,1]	0.4952	0.2298	0.01434	0.05477	0.4907	1.007	501	1550
	theta[596,1]	-1.088	0.1758	0.01042	-1.437	-1.083	-0.7708	501	1550
	theta[597,1]	-1.135	0.1839	0.01013	-1.505	-1.13	-0.7826	501	1550
	theta[598,1]	-0.5547	0.1962	0.01091	-0.9078	-0.5678	-0.128	501	1550
	theta[599,1]	0.1864	0.2074	0.01204	-0.2394	0.1718	0.6253	501	1550
	theta[600,1]	-1.174	0.1875	0.01254	-1.55	-1.168	-0.8139	501	1550
	theta[601,1]	1.054	0.1853	0.01209	0.7212	1.042	1.433	501	1550
	theta[602,1]	-0.9751	0.1793	0.01034	-1.357	-0.9636	-0.6532	501	1550
	theta[603,1]	0.3848	0.1768	0.01069	0.04502	0.3797	0.7491	501	1550
	theta[604,1]	0.1564	0.1932	0.01146	-0.2072	0.1719	0.5015	501	1550
	theta[605,1]	-0.9387	0.1618	0.008969	-1.261	-0.9368	-0.6168	501	1550
	theta[606,1]	-0.3361	0.164	0.009994	-0.6306	-0.3297	-0.01911	501	1550
	theta[607,1]	-0.7218	0.176	0.01022	-1.056	-0.7233	-0.3463	501	1550
	theta[608,1]	0.7309	0.209	0.01149	0.3129	0.7342	1.159	501	1550
	theta[609,1]	1.429	0.1977	0.01063	1.045	1.423	1.835	501	1550
	theta[610,1]	-0.9488	0.1865	0.01139	-1.318	-0.9435	-0.5825	501	1550
	theta[611,1]	1.006	0.2144	0.01625	0.5493	1.005	1.441	501	1550
	theta[612,1]	0.03269	0.1762	0.01151	-0.3225	0.03977	0.4273	501	1550
	theta[613,1]	-1.713	0.2577	0.01598	-2.256	-1.72	-1.241	501	1550
	theta[614,1]	-0.7504	0.1797	0.01011	-1.086	-0.7526	-0.4048	501	1550
	theta[615,1]	0.2883	0.2072	0.01201	-0.1177	0.2838	0.7235	501	1550
	theta[616,1]	-0.5087	0.2125	0.01057	-0.858	-0.5234	0.02107	501	1550
	theta[617,1]	-2.167	0.2888	0.01693	-2.744	-2.162	-1.651	501	1550
	theta[618,1]	0.3499	0.194	0.01048	-0.07749	0.3454	0.7185	501	1550
	theta[619,1]	0.1508	0.2096	0.01192	-0.2565	0.1459	0.5375	501	1550
	theta[620,1]	-0.1636	0.1616	0.009243	-0.4726	-0.1657	0.1454	501	1550
	theta[621,1]	-0.5795	0.1823	0.008039	-0.9348	-0.5764	-0.2162	501	1550
	theta[622,1]	1.851	0.2028	0.0123	1.455	1.858	2.231	501	1550
	theta[623,1]	0.01704	0.2094	0.01157	-0.3975	0.02041	0.4377	501	1550
	theta[624,1]	-0.2667	0.1567	0.008231	-0.5847	-0.2663	0.06272	501	1550
	theta[625,1]	-0.7226	0.1725	0.009553	-1.063	-0.7209	-0.3857	501	1550
	theta[626,1]	-1.487	0.2659	0.01574	-2.014	-1.491	-0.941	501	1550
	theta[627,1]	-1.457	0.2066	0.0132	-1.883	-1.456	-1.057	501	1550
	theta[628,1]	-0.219	0.1648	0.01006	-0.5288	-0.2322	0.1448	501	1550
	theta[629,1]	1.303	0.1972	0.01123	0.9274	1.308	1.705	501	1550
	theta[630,1]	1.325	0.2121	0.01014	0.8675	1.341	1.738	501	1550
	theta[631,1]	1.584	0.1985	0.01531	1.216	1.571	1.982	501	1550
	theta[632,1]	1.47	0.1975	0.01264	1.115	1.465	1.886	501	1550
	theta[633,1]	-0.06163	0.2072	0.01292	-0.4617	-0.06343	0.3294	501	1550
	theta[634,1]	-1.048	0.1758	0.009772	-1.414	-1.062	-0.6632	501	1550
	theta[635,1]	-0.3969	0.1548	0.009768	-0.7028	-0.3891	-0.1171	501	1550
	theta[636,1]	-2.143	0.3586	0.02323	-2.888	-2.148	-1.49	501	1550
	theta[637,1]	-0.3807	0.1542	0.008773	-0.6663	-0.38	-0.07887	501	1550
	theta[638,1]	1.102	0.333	0.02011	0.3465	1.153	1.619	501	1550
	theta[639,1]	7.535E-4	0.1681	0.01138	-0.321	9.356E-4	0.3482	501	1550
	theta[640,1]	1.294	0.2167	0.01376	0.896	1.285	1.711	501	1550
	theta[641,1]	0.8142	0.2483	0.0146	0.2704	0.8201	1.295	501	1550
	theta[642,1]	-0.6759	0.1687	0.008176	-0.9966	-0.6836	-0.3319	501	1550
	theta[643,1]	1.421	0.2198	0.01622	1.018	1.417	1.834	501	1550
	theta[644,1]	-0.0227	0.1796	0.01084	-0.3651	-0.02759	0.3472	501	1550
	theta[645,1]	-0.6444	0.1893	0.01136	-0.9886	-0.6522	-0.2687	501	1550
	theta[646,1]	-0.1392	0.1832	0.01177	-0.5017	-0.1381	0.2101	501	1550
	theta[647,1]	-1.336	0.2285	0.01436	-1.836	-1.321	-0.9266	501	1550
	theta[648,1]	0.8613	0.2072	0.01195	0.4641	0.8541	1.281	501	1550
	theta[649,1]	0.4154	0.1673	0.008931	0.07412	0.4121	0.7586	501	1550
	theta[650,1]	-0.2803	0.1669	0.008481	-0.6409	-0.2766	0.04316	501	1550
	theta[651,1]	-0.2155	0.2086	0.01316	-0.6207	-0.2183	0.2191	501	1550
	theta[652,1]	0.8271	0.2065	0.01322	0.4495	0.8172	1.255	501	1550
	theta[653,1]	-0.6341	0.1876	0.008969	-0.9788	-0.6394	-0.258	501	1550
	theta[654,1]	-1.024	0.18	0.01046	-1.363	-1.022	-0.6881	501	1550
	theta[655,1]	0.6002	0.2204	0.01259	0.1653	0.5981	1.017	501	1550
	theta[656,1]	-0.5793	0.1914	0.00976	-0.9604	-0.5805	-0.2071	501	1550
	theta[657,1]	1.105	0.1882	0.01186	0.6918	1.103	1.459	501	1550
	theta[658,1]	-0.04654	0.1666	0.009118	-0.3744	-0.03993	0.2825	501	1550
	theta[659,1]	0.8998	0.2083	0.01144	0.4599	0.8982	1.272	501	1550
	theta[660,1]	0.3162	0.1769	0.01229	-0.008345	0.3088	0.6637	501	1550
	theta[661,1]	-2.159	0.3386	0.01919	-2.831	-2.162	-1.508	501	1550
	theta[662,1]	-1.656	0.2652	0.01624	-2.252	-1.641	-1.217	501	1550
	theta[663,1]	1.425	0.2298	0.01453	0.9092	1.44	1.826	501	1550
	theta[664,1]	0.5302	0.162	0.01045	0.2299	0.5283	0.8773	501	1550
	theta[665,1]	-0.9482	0.173	0.008899	-1.302	-0.9449	-0.6279	501	1550
	theta[666,1]	-1.255	0.2027	0.01105	-1.673	-1.26	-0.873	501	1550
	theta[667,1]	1.188	0.2284	0.01367	0.7069	1.211	1.613	501	1550
	theta[668,1]	-0.5451	0.1913	0.01203	-0.9245	-0.5524	-0.18	501	1550
	theta[669,1]	1.569	0.209	0.01471	1.137	1.565	1.968	501	1550
	theta[670,1]	1.756	0.2007	0.01083	1.352	1.765	2.193	501	1550
	theta[671,1]	-1.232	0.183	0.01053	-1.583	-1.216	-0.9069	501	1550
	theta[672,1]	-0.9051	0.2499	0.01175	-1.395	-0.9295	-0.3931	501	1550
	theta[673,1]	-1.058	0.1811	0.01099	-1.397	-1.06	-0.6939	501	1550
	theta[674,1]	0.7571	0.1902	0.0122	0.3771	0.7537	1.149	501	1550
	theta[675,1]	-1.374	0.2008	0.01265	-1.767	-1.373	-0.9941	501	1550
	theta[676,1]	-1.889	0.2563	0.01583	-2.432	-1.892	-1.419	501	1550
	theta[677,1]	1.915	0.2016	0.01162	1.527	1.905	2.3	501	1550
	theta[678,1]	1.006	0.2585	0.01535	0.4069	1.024	1.406	501	1550
	theta[679,1]	0.9072	0.2176	0.01444	0.4888	0.8973	1.331	501	1550
	theta[680,1]	-0.6573	0.1679	0.008517	-0.9727	-0.6599	-0.3253	501	1550
	theta[681,1]	-0.01081	0.1744	0.009342	-0.3683	-0.002038	0.3318	501	1550
	theta[682,1]	0.5668	0.1911	0.00976	0.1874	0.5596	0.9705	501	1550
	theta[683,1]	-1.194	0.1929	0.01125	-1.607	-1.187	-0.8414	501	1550
	theta[684,1]	-0.05841	0.1631	0.009206	-0.3573	-0.06018	0.2953	501	1550
	theta[685,1]	0.4334	0.1895	0.01182	0.08751	0.4132	0.8213	501	1550
	theta[686,1]	1.769	0.1943	0.01192	1.41	1.758	2.17	501	1550
	theta[687,1]	0.6645	0.2131	0.01099	0.2663	0.672	1.078	501	1550
	theta[688,1]	1.187	0.1873	0.0112	0.8231	1.192	1.577	501	1550
	theta[689,1]	0.0984	0.1849	0.009662	-0.2219	0.08892	0.4704	501	1550
	theta[690,1]	-0.6848	0.1689	0.01094	-1.027	-0.6665	-0.3966	501	1550
	theta[691,1]	-0.4864	0.1672	0.009997	-0.7843	-0.4914	-0.1523	501	1550
	theta[692,1]	-1.397	0.2088	0.01298	-1.839	-1.379	-1.039	501	1550
	theta[693,1]	0.6919	0.2072	0.01255	0.2933	0.6827	1.116	501	1550
	theta[694,1]	1.239	0.1828	0.01083	0.8742	1.237	1.579	501	1550
	theta[695,1]	0.09752	0.1797	0.01136	-0.2238	0.09381	0.4457	501	1550
	theta[696,1]	-1.522	0.252	0.01426	-2.095	-1.499	-1.107	501	1550
	theta[697,1]	1.045	0.1906	0.00977	0.6436	1.058	1.375	501	1550
	theta[698,1]	0.2167	0.2016	0.01309	-0.1815	0.2095	0.6188	501	1550
	theta[699,1]	-0.4778	0.1745	0.009603	-0.8065	-0.478	-0.109	501	1550
	theta[700,1]	0.7969	0.1725	0.01036	0.4333	0.8039	1.146	501	1550
	theta[701,1]	-0.5443	0.1843	0.01007	-0.9235	-0.5449	-0.1884	501	1550
	theta[702,1]	0.7363	0.2243	0.01206	0.3154	0.7335	1.187	501	1550
	theta[703,1]	-0.5076	0.1842	0.01243	-0.8778	-0.5073	-0.1413	501	1550
	theta[704,1]	0.4986	0.204	0.01329	0.09922	0.4888	0.8993	501	1550
	theta[705,1]	0.6116	0.2446	0.01355	0.1657	0.6125	1.1	501	1550
	theta[706,1]	-1.389	0.1964	0.01372	-1.781	-1.384	-0.9912	501	1550
	theta[707,1]	0.4796	0.19	0.009281	0.1209	0.4766	0.8645	501	1550
	theta[708,1]	0.03392	0.1795	0.01016	-0.3252	0.04356	0.3528	501	1550
	theta[709,1]	0.4628	0.1705	0.01171	0.1224	0.4622	0.7876	501	1550
	theta[710,1]	-1.072	0.1972	0.01188	-1.471	-1.08	-0.7024	501	1550
	theta[711,1]	-0.07343	0.1651	0.01137	-0.401	-0.08385	0.2818	501	1550
	theta[712,1]	1.217	0.1823	0.01159	0.8652	1.221	1.565	501	1550
	theta[713,1]	0.1868	0.1605	0.01114	-0.1418	0.1937	0.5047	501	1550
	theta[714,1]	0.7792	0.2031	0.01265	0.4004	0.7749	1.205	501	1550
	theta[715,1]	-0.6925	0.1888	0.01163	-1.044	-0.7053	-0.3469	501	1550
	theta[716,1]	-0.6675	0.1636	0.01036	-0.9782	-0.6654	-0.3618	501	1550
	theta[717,1]	0.1011	0.1754	0.0111	-0.2378	0.0879	0.4307	501	1550
	theta[718,1]	-1.089	0.1947	0.01037	-1.521	-1.074	-0.7276	501	1550
	theta[719,1]	-2.388	0.32	0.01969	-3.071	-2.377	-1.813	501	1550
	theta[720,1]	0.7021	0.2468	0.0118	0.2224	0.695	1.22	501	1550
	theta[721,1]	-1.207	0.2129	0.01345	-1.642	-1.215	-0.785	501	1550
	theta[722,1]	-1.437	0.2276	0.01367	-1.906	-1.427	-1.025	501	1550
	theta[723,1]	0.6259	0.1683	0.01173	0.3171	0.6198	0.9586	501	1550
	theta[724,1]	-0.1797	0.1575	0.008439	-0.4839	-0.173	0.1285	501	1550
	theta[725,1]	-0.8306	0.1852	0.01069	-1.183	-0.8345	-0.4796	501	1550
	theta[726,1]	-0.4324	0.1571	0.01013	-0.7477	-0.4294	-0.1512	501	1550
	theta[727,1]	-0.7834	0.1699	0.009811	-1.11	-0.7847	-0.4679	501	1550
	theta[728,1]	0.8751	0.1792	0.008751	0.5017	0.8856	1.242	501	1550
	theta[729,1]	0.805	0.2027	0.01068	0.4658	0.7939	1.195	501	1550
	theta[730,1]	-1.958	0.3035	0.01898	-2.56	-1.935	-1.411	501	1550
	theta[731,1]	0.3174	0.1839	0.01076	-0.05583	0.3113	0.6774	501	1550
	theta[732,1]	1.131	0.1857	0.01122	0.7645	1.127	1.508	501	1550
	theta[733,1]	0.3979	0.2248	0.01005	-0.01131	0.3756	0.9045	501	1550
	theta[734,1]	-2.287	0.3111	0.01991	-2.894	-2.272	-1.69	501	1550
	theta[735,1]	-0.303	0.1561	0.009034	-0.6167	-0.2961	-0.004172	501	1550
	theta[736,1]	1.615	0.2097	0.01253	1.238	1.6	2.055	501	1550
	theta[737,1]	0.8292	0.1777	0.01012	0.4826	0.836	1.201	501	1550
	theta[738,1]	-1.624	0.2534	0.01515	-2.107	-1.63	-1.088	501	1550
	theta[739,1]	-1.889	0.2433	0.01283	-2.415	-1.86	-1.449	501	1550
	theta[740,1]	0.5085	0.1795	0.01154	0.1716	0.5041	0.9007	501	1550
	theta[741,1]	-0.3216	0.1738	0.01001	-0.7032	-0.3051	0.02629	501	1550
	theta[742,1]	0.9071	0.1861	0.008608	0.5559	0.9087	1.281	501	1550
	theta[743,1]	0.238	0.1799	0.009891	-0.1109	0.2372	0.5623	501	1550
	theta[744,1]	0.2176	0.1902	0.009991	-0.1714	0.2266	0.5934	501	1550
	theta[745,1]	0.03562	0.215	0.01272	-0.3907	0.05193	0.4434	501	1550
	theta[746,1]	-0.1614	0.1685	0.008106	-0.5144	-0.1673	0.1486	501	1550
	theta[747,1]	-1.084	0.187	0.01109	-1.451	-1.08	-0.7262	501	1550
	theta[748,1]	2.222	0.2219	0.01267	1.802	2.219	2.652	501	1550
	theta[749,1]	-0.9791	0.1862	0.01316	-1.372	-0.9859	-0.6242	501	1550
	theta[750,1]	0.03514	0.1685	0.01182	-0.2717	0.03068	0.3796	501	1550
	theta[751,1]	-0.3627	0.1717	0.008556	-0.7413	-0.3606	-0.03431	501	1550
	theta[752,1]	1.647	0.1945	0.01384	1.259	1.643	2.031	501	1550
	theta[753,1]	0.8792	0.1892	0.01004	0.5293	0.8668	1.241	501	1550
	theta[754,1]	-0.4888	0.1868	0.01302	-0.8652	-0.4894	-0.1161	501	1550
	theta[755,1]	0.1894	0.2003	0.01072	-0.1998	0.2008	0.5572	501	1550
	theta[756,1]	0.9808	0.1803	0.01206	0.6438	0.9772	1.343	501	1550
	theta[757,1]	2.194	0.2134	0.01282	1.78	2.18	2.658	501	1550
	theta[758,1]	0.3655	0.1915	0.01042	0.02997	0.3622	0.7701	501	1550
	theta[759,1]	-0.9978	0.207	0.01318	-1.435	-0.9778	-0.6255	501	1550
	theta[760,1]	-0.7949	0.1787	0.01029	-1.129	-0.7897	-0.4341	501	1550
	theta[761,1]	1.618	0.2185	0.01413	1.188	1.614	2.043	501	1550
	theta[762,1]	-1.736	0.2957	0.02123	-2.383	-1.722	-1.208	501	1550
	theta[763,1]	3.115	0.3788	0.02313	2.437	3.106	3.95	501	1550
	theta[764,1]	0.1056	0.1752	0.01024	-0.2516	0.1063	0.4334	501	1550
	theta[765,1]	-0.3206	0.1748	0.01026	-0.6157	-0.3238	0.02958	501	1550
	theta[766,1]	0.2583	0.1733	0.0109	-0.05616	0.2525	0.5933	501	1550
	theta[767,1]	1.09	0.2115	0.01283	0.613	1.109	1.469	501	1550
	theta[768,1]	0.4899	0.1749	0.01071	0.1549	0.4836	0.8549	501	1550
	theta[769,1]	-2.061	0.3167	0.01908	-2.718	-2.038	-1.521	501	1550
	theta[770,1]	0.164	0.1659	0.009596	-0.1623	0.1635	0.4722	501	1550
	theta[771,1]	0.3816	0.1825	0.009979	0.04427	0.3881	0.7281	501	1550
	theta[772,1]	0.7512	0.1923	0.009342	0.3835	0.7477	1.131	501	1550
	theta[773,1]	-0.8986	0.1765	0.01283	-1.305	-0.8915	-0.5605	501	1550
	theta[774,1]	-2.143	0.322	0.01734	-2.831	-2.15	-1.479	501	1550
	theta[775,1]	-0.1716	0.1734	0.0114	-0.5168	-0.1588	0.1514	501	1550
	theta[776,1]	-1.055	0.1863	0.009965	-1.444	-1.043	-0.6985	501	1550
	theta[777,1]	-1.001	0.1939	0.01303	-1.403	-1.004	-0.618	501	1550
	theta[778,1]	-0.6975	0.1763	0.01133	-1.015	-0.6951	-0.3261	501	1550
	theta[779,1]	-0.5739	0.1785	0.01324	-0.9142	-0.5751	-0.2464	501	1550
	theta[780,1]	-0.06726	0.1849	0.01056	-0.4539	-0.06292	0.291	501	1550
	theta[781,1]	0.7439	0.1768	0.007315	0.3735	0.7435	1.086	501	1550
	theta[782,1]	0.9197	0.1692	0.01134	0.5784	0.918	1.242	501	1550
	theta[783,1]	-0.7036	0.1729	0.0103	-1.036	-0.7013	-0.3637	501	1550
	theta[784,1]	-0.3812	0.1866	0.01002	-0.7634	-0.3877	0.01103	501	1550
	theta[785,1]	0.3131	0.1799	0.01184	-0.05203	0.3036	0.6605	501	1550
	theta[786,1]	1.334	0.1809	0.0106	1.01	1.334	1.694	501	1550
	theta[787,1]	0.009929	0.2048	0.01149	-0.3989	0.01137	0.4553	501	1550
	theta[788,1]	-1.829	0.2268	0.01122	-2.28	-1.824	-1.42	501	1550
	theta[789,1]	0.3113	0.1618	0.009186	-0.01322	0.2944	0.6489	501	1550
	theta[790,1]	-0.2648	0.1652	0.01057	-0.5702	-0.2716	0.1117	501	1550
	theta[791,1]	1.548	0.2102	0.01204	1.144	1.557	1.956	501	1550
	theta[792,1]	0.09373	0.1716	0.008218	-0.2038	0.08805	0.4353	501	1550
	theta[793,1]	-0.3088	0.1636	0.01084	-0.622	-0.304	0.02228	501	1550
	theta[794,1]	-0.1407	0.275	0.01617	-0.6184	-0.1589	0.3965	501	1550
	theta[795,1]	-0.1727	0.1762	0.01132	-0.5624	-0.1691	0.1678	501	1550
	theta[796,1]	0.3128	0.1909	0.01229	-0.03719	0.3156	0.7033	501	1550
	theta[797,1]	-0.1775	0.1627	0.008989	-0.4932	-0.1872	0.1646	501	1550
	theta[798,1]	0.8132	0.1774	0.01062	0.458	0.819	1.138	501	1550
	theta[799,1]	0.152	0.2853	0.01572	-0.5092	0.1804	0.6799	501	1550
	theta[800,1]	-0.2229	0.1658	0.01104	-0.5327	-0.2111	0.07998	501	1550
	theta[801,1]	-0.9491	0.1785	0.009941	-1.338	-0.9461	-0.6174	501	1550
	theta[802,1]	0.4133	0.2494	0.01535	-0.05245	0.3871	0.9626	501	1550
	theta[803,1]	-0.03327	0.1632	0.01017	-0.3455	-0.04419	0.2538	501	1550
	theta[804,1]	0.2805	0.1583	0.008525	-0.06891	0.2797	0.5767	501	1550
	theta[805,1]	0.9058	0.1865	0.01219	0.525	0.9085	1.267	501	1550
	theta[806,1]	1.853	0.2211	0.01628	1.442	1.844	2.332	501	1550
	theta[807,1]	-1.125	0.199	0.01347	-1.517	-1.122	-0.7528	501	1550
	theta[808,1]	1.142	0.2344	0.01305	0.6878	1.148	1.596	501	1550
	theta[809,1]	-1.131	0.1867	0.01182	-1.523	-1.125	-0.7799	501	1550
	theta[810,1]	0.0541	0.1777	0.01113	-0.2833	0.05148	0.3999	501	1550
	theta[811,1]	0.03167	0.172	0.01041	-0.2889	0.0241	0.3497	501	1550
	theta[812,1]	-0.05441	0.1634	0.01047	-0.3803	-0.04327	0.271	501	1550
	theta[813,1]	1.275	0.2023	0.01324	0.8884	1.27	1.662	501	1550
	theta[814,1]	-0.4044	0.156	0.008547	-0.7187	-0.4044	-0.0755	501	1550
	theta[815,1]	0.5089	0.1915	0.0106	0.1557	0.5074	0.8646	501	1550
	theta[816,1]	0.2406	0.1679	0.008488	-0.1004	0.2444	0.5674	501	1550
	theta[817,1]	-0.6925	0.188	0.01163	-1.054	-0.6937	-0.2961	501	1550
	theta[818,1]	1.154	0.1809	0.01109	0.7907	1.151	1.499	501	1550
	theta[819,1]	-1.869	0.3289	0.01996	-2.55	-1.853	-1.258	501	1550
	theta[820,1]	-0.53	0.1722	0.01175	-0.857	-0.5221	-0.187	501	1550
	theta[821,1]	-1.462	0.2029	0.01211	-1.85	-1.463	-1.054	501	1550
	theta[822,1]	-0.05996	0.1638	0.01016	-0.3654	-0.0572	0.2917	501	1550
	theta[823,1]	0.1008	0.1583	0.01101	-0.212	0.1027	0.3937	501	1550
	theta[824,1]	-1.171	0.1829	0.01163	-1.53	-1.162	-0.8323	501	1550
	theta[825,1]	0.6723	0.1676	0.00857	0.3477	0.6702	1.003	501	1550
	theta[826,1]	-0.6392	0.1764	0.009554	-0.961	-0.6485	-0.2901	501	1550
	theta[827,1]	0.8669	0.1953	0.01249	0.4931	0.8666	1.258	501	1550
	theta[828,1]	0.6232	0.1831	0.0111	0.2928	0.6141	1.024	501	1550
	theta[829,1]	0.4211	0.1754	0.009331	0.06738	0.4246	0.7936	501	1550
	theta[830,1]	-1.053	0.2296	0.01423	-1.568	-1.031	-0.6669	501	1550
	theta[831,1]	0.0521	0.1983	0.01175	-0.3353	0.04624	0.4513	501	1550
	theta[832,1]	-0.1952	0.1702	0.009876	-0.5432	-0.1963	0.1206	501	1550
	theta[833,1]	-1.415	0.2095	0.01177	-1.844	-1.412	-1.047	501	1550
	theta[834,1]	0.2211	0.1584	0.007922	-0.09967	0.2199	0.5258	501	1550
	theta[835,1]	1.764	0.2058	0.01307	1.348	1.765	2.15	501	1550
	theta[836,1]	-0.7387	0.1816	0.008803	-1.109	-0.7336	-0.4089	501	1550
	theta[837,1]	-0.2799	0.175	0.008349	-0.6152	-0.2748	0.06272	501	1550
	theta[838,1]	0.6044	0.1751	0.01143	0.2595	0.588	0.9836	501	1550
	theta[839,1]	-0.1154	0.1859	0.01037	-0.4946	-0.1218	0.254	501	1550
	theta[840,1]	1.822	0.2005	0.01201	1.439	1.818	2.219	501	1550
	theta[841,1]	0.6135	0.1961	0.009591	0.2388	0.6085	0.9994	501	1550
	theta[842,1]	1.895	0.2114	0.01351	1.493	1.902	2.305	501	1550
	theta[843,1]	0.3899	0.1807	0.00905	0.0377	0.3766	0.7453	501	1550
	theta[844,1]	-0.8546	0.197	0.01064	-1.232	-0.8631	-0.4252	501	1550
	theta[845,1]	0.2187	0.1748	0.0107	-0.105	0.2172	0.5715	501	1550
	theta[846,1]	-0.8748	0.181	0.01093	-1.247	-0.8774	-0.4823	501	1550
	theta[847,1]	-1.223	0.1871	0.01097	-1.608	-1.218	-0.8835	501	1550
	theta[848,1]	-0.01476	0.1524	0.009148	-0.3203	-0.01188	0.2613	501	1550
	theta[849,1]	0.7668	0.2132	0.01139	0.379	0.7657	1.197	501	1550
	theta[850,1]	0.2577	0.1529	0.008112	-0.03769	0.2621	0.5579	501	1550
	theta[851,1]	0.7316	0.238	0.01439	0.2351	0.7362	1.198	501	1550
	theta[852,1]	0.8731	0.213	0.01185	0.4647	0.8676	1.319	501	1550
	theta[853,1]	-0.2553	0.1859	0.008755	-0.587	-0.2584	0.1449	501	1550
	theta[854,1]	-2.106	0.2778	0.01532	-2.678	-2.104	-1.595	501	1550
	theta[855,1]	1.07	0.2345	0.0105	0.6105	1.077	1.529	501	1550
	theta[856,1]	2.194	0.2247	0.01387	1.774	2.188	2.643	501	1550
	theta[857,1]	0.07285	0.215	0.01409	-0.3766	0.0826	0.4579	501	1550
	theta[858,1]	-0.9982	0.1787	0.01129	-1.368	-0.986	-0.6419	501	1550
	theta[859,1]	-0.3343	0.1601	0.009181	-0.6295	-0.3419	-0.02218	501	1550
	theta[860,1]	-0.7674	0.1807	0.0102	-1.171	-0.7588	-0.4376	501	1550
	theta[861,1]	-0.1546	0.1676	0.009471	-0.4878	-0.1559	0.1607	501	1550
	theta[862,1]	0.3602	0.1629	0.01032	0.0684	0.3516	0.7023	501	1550
	theta[863,1]	0.8667	0.1875	0.01077	0.4941	0.8689	1.217	501	1550
	theta[864,1]	0.2056	0.168	0.0101	-0.1467	0.1978	0.5339	501	1550
	theta[865,1]	-0.727	0.1704	0.01122	-1.077	-0.7225	-0.3993	501	1550
	theta[866,1]	0.6186	0.2279	0.01352	0.1978	0.606	1.098	501	1550
	theta[867,1]	1.279	0.2207	0.01601	0.8121	1.28	1.705	501	1550
	theta[868,1]	2.127	0.2296	0.01579	1.704	2.11	2.591	501	1550
	theta[869,1]	-0.6456	0.171	0.009685	-0.9593	-0.6368	-0.2979	501	1550
	theta[870,1]	0.3033	0.1646	0.01054	0.008492	0.3064	0.6108	501	1550
	theta[871,1]	1.218	0.1906	0.01288	0.8465	1.218	1.587	501	1550
	theta[872,1]	-0.2623	0.158	0.009701	-0.5978	-0.2537	0.03247	501	1550
	theta[873,1]	0.4326	0.1752	0.01211	0.0819	0.4259	0.7356	501	1550
	theta[874,1]	0.1257	0.2359	0.01242	-0.3511	0.1204	0.5473	501	1550
	theta[875,1]	-0.3471	0.17	0.01081	-0.6648	-0.3517	-0.02757	501	1550
	theta[876,1]	0.07489	0.1631	0.01251	-0.2389	0.07362	0.4266	501	1550
	theta[877,1]	1.113	0.1973	0.01193	0.7434	1.118	1.492	501	1550
	theta[878,1]	0.2579	0.2049	0.01248	-0.1483	0.2648	0.6524	501	1550
	theta[879,1]	-0.4475	0.1582	0.008573	-0.7491	-0.4531	-0.119	501	1550
	theta[880,1]	-1.948	0.3312	0.02273	-2.723	-1.903	-1.423	501	1550
	theta[881,1]	-0.8093	0.1783	0.01076	-1.16	-0.7991	-0.4702	501	1550
	theta[882,1]	0.08414	0.2023	0.009669	-0.3203	0.07493	0.4582	501	1550
	theta[883,1]	-1.591	0.2901	0.01955	-2.335	-1.541	-1.121	501	1550
	theta[884,1]	1.719	0.1867	0.0114	1.356	1.724	2.117	501	1550
	theta[885,1]	-1.083	0.2128	0.01373	-1.503	-1.083	-0.6747	501	1550
	theta[886,1]	-1.055	0.2001	0.01248	-1.475	-1.062	-0.6638	501	1550
	theta[887,1]	1.229	0.1965	0.0123	0.817	1.222	1.606	501	1550
	theta[888,1]	-1.639	0.2774	0.0157	-2.203	-1.618	-1.11	501	1550
	theta[889,1]	0.8908	0.2476	0.01379	0.4325	0.8968	1.372	501	1550
	theta[890,1]	-0.3377	0.2028	0.01121	-0.7406	-0.3476	0.05865	501	1550
	theta[891,1]	0.4855	0.1677	0.01132	0.1196	0.4817	0.7851	501	1550
	theta[892,1]	0.6669	0.2169	0.01342	0.2369	0.6717	1.069	501	1550
	theta[893,1]	-0.9536	0.2078	0.01362	-1.362	-0.9553	-0.5079	501	1550
	theta[894,1]	-0.6792	0.1715	0.01062	-1.019	-0.6774	-0.3594	501	1550
	theta[895,1]	-2.399	0.3694	0.02435	-3.112	-2.396	-1.75	501	1550
	theta[896,1]	-0.6882	0.1716	0.01072	-1.019	-0.6885	-0.359	501	1550
	theta[897,1]	0.2374	0.1705	0.009571	-0.1082	0.2488	0.5532	501	1550
	theta[898,1]	0.4396	0.1737	0.01042	0.1173	0.429	0.798	501	1550
	theta[899,1]	1.913	0.2069	0.01611	1.541	1.896	2.413	501	1550
	theta[900,1]	0.1699	0.1668	0.0104	-0.1632	0.1858	0.5061	501	1550
	theta[901,1]	0.5874	0.1768	0.01092	0.2466	0.5919	0.9265	501	1550
	theta[902,1]	0.2691	0.2105	0.009669	-0.1424	0.2725	0.6864	501	1550
	theta[903,1]	-0.5912	0.2516	0.01477	-1.072	-0.6039	-0.07673	501	1550
	theta[904,1]	0.455	0.1666	0.009618	0.1353	0.4666	0.7962	501	1550
	theta[905,1]	0.5558	0.1901	0.01139	0.2254	0.5513	0.9485	501	1550
	theta[906,1]	0.1147	0.2048	0.01257	-0.3145	0.1295	0.5088	501	1550
	theta[907,1]	-0.6739	0.1828	0.009655	-1.056	-0.6882	-0.3346	501	1550
	theta[908,1]	-0.2949	0.1684	0.009497	-0.6292	-0.2968	0.05528	501	1550
	theta[909,1]	0.87	0.2092	0.0121	0.4648	0.8717	1.277	501	1550
	theta[910,1]	0.4849	0.1695	0.009019	0.1684	0.4931	0.792	501	1550
	theta[911,1]	-0.4044	0.1689	0.01215	-0.7345	-0.4098	-0.06378	501	1550
	theta[912,1]	-0.6258	0.1675	0.01016	-0.947	-0.6329	-0.2743	501	1550
	theta[913,1]	0.6072	0.1681	0.009146	0.2956	0.6079	0.9421	501	1550
	theta[914,1]	0.9887	0.2134	0.01253	0.5751	0.9995	1.39	501	1550
	theta[915,1]	0.1771	0.1731	0.009374	-0.1308	0.1705	0.5558	501	1550
	theta[916,1]	-0.06755	0.1646	0.01046	-0.3952	-0.06321	0.2608	501	1550
	theta[917,1]	-0.7648	0.1769	0.01135	-1.142	-0.7591	-0.4406	501	1550
	theta[918,1]	-0.09713	0.1781	0.01208	-0.4342	-0.08726	0.2748	501	1550
	theta[919,1]	-1.18	0.183	0.01018	-1.54	-1.177	-0.8412	501	1550
	theta[920,1]	-0.4455	0.1714	0.009373	-0.7912	-0.439	-0.1494	501	1550
	theta[921,1]	0.9993	0.1906	0.01072	0.5897	0.9914	1.375	501	1550
	theta[922,1]	1.243	0.2301	0.01653	0.7617	1.26	1.707	501	1550
	theta[923,1]	-0.8674	0.1843	0.008189	-1.246	-0.8737	-0.491	501	1550
	theta[924,1]	0.09938	0.165	0.009125	-0.2377	0.09676	0.4428	501	1550
	theta[925,1]	0.1838	0.1785	0.009463	-0.151	0.1838	0.5454	501	1550
	theta[926,1]	-1.588	0.2153	0.01213	-2.001	-1.589	-1.196	501	1550
	theta[927,1]	0.5712	0.2116	0.0109	0.1717	0.5692	0.9825	501	1550
	theta[928,1]	-1.874	0.2578	0.01628	-2.396	-1.859	-1.416	501	1550
	theta[929,1]	-1.105	0.1894	0.01088	-1.474	-1.1	-0.7687	501	1550
	theta[930,1]	0.5955	0.1842	0.01059	0.2323	0.5885	0.967	501	1550
	theta[931,1]	-0.6282	0.1687	0.008347	-0.9579	-0.6388	-0.2863	501	1550
	theta[932,1]	-0.08046	0.2387	0.01501	-0.531	-0.08756	0.4218	501	1550
	theta[933,1]	-1.368	0.2126	0.01371	-1.829	-1.355	-0.9491	501	1550
	theta[934,1]	-1.454	0.1983	0.01105	-1.876	-1.453	-1.089	501	1550
	theta[935,1]	0.3583	0.1838	0.01158	0.009799	0.3479	0.715	501	1550
	theta[936,1]	-0.1916	0.1778	0.0102	-0.5395	-0.192	0.1547	501	1550
	theta[937,1]	-0.3903	0.1794	0.01096	-0.7412	-0.3913	-0.01566	501	1550
	theta[938,1]	-1.62	0.2536	0.01256	-2.13	-1.61	-1.142	501	1550
	theta[939,1]	-0.9662	0.1893	0.00995	-1.347	-0.9746	-0.5893	501	1550
	theta[940,1]	1.923	0.2096	0.01399	1.51	1.919	2.349	501	1550
	theta[941,1]	-0.2172	0.1616	0.009452	-0.5416	-0.2163	0.1033	501	1550
	theta[942,1]	0.8505	0.1788	0.01082	0.5114	0.8453	1.237	501	1550
	theta[943,1]	1.04	0.1793	0.01085	0.7325	1.031	1.395	501	1550
	theta[944,1]	0.5605	0.1931	0.0113	0.2124	0.5386	0.9815	501	1550
	theta[945,1]	0.3823	0.2481	0.01308	-0.04727	0.3593	0.9057	501	1550
	theta[946,1]	-1.115	0.1944	0.01034	-1.496	-1.118	-0.7517	501	1550
	theta[947,1]	-1.074	0.1813	0.01062	-1.44	-1.066	-0.716	501	1550
	theta[948,1]	0.7072	0.2252	0.01223	0.2715	0.7034	1.125	501	1550
	theta[949,1]	-1.288	0.1932	0.01008	-1.689	-1.284	-0.8909	501	1550
	theta[950,1]	0.7093	0.1849	0.01178	0.364	0.6964	1.055	501	1550
	theta[951,1]	-0.4853	0.1846	0.01147	-0.8444	-0.4891	-0.1079	501	1550
	theta[952,1]	-0.1758	0.1648	0.01093	-0.4841	-0.1705	0.136	501	1550
	theta[953,1]	-0.4193	0.1814	0.01224	-0.7705	-0.4256	-0.04566	501	1550
	theta[954,1]	-0.183	0.1492	0.007995	-0.47	-0.1894	0.1112	501	1550
	theta[955,1]	0.9988	0.2166	0.01308	0.5947	0.989	1.424	501	1550
	theta[956,1]	0.2334	0.1692	0.01074	-0.123	0.233	0.5892	501	1550
	theta[957,1]	0.03717	0.1823	0.01241	-0.3035	0.03074	0.4315	501	1550
	theta[958,1]	0.9933	0.1797	0.0125	0.6446	0.9925	1.344	501	1550
	theta[959,1]	1.531	0.2242	0.01512	1.097	1.541	1.969	501	1550
	theta[960,1]	0.1275	0.177	0.01073	-0.223	0.1181	0.4718	501	1550
	theta[961,1]	0.611	0.1674	0.009377	0.2875	0.6058	0.9543	501	1550
	theta[962,1]	0.2348	0.1763	0.01088	-0.1222	0.2348	0.5556	501	1550
	theta[963,1]	-1.108	0.1921	0.008908	-1.495	-1.106	-0.7469	501	1550
	theta[964,1]	-0.7644	0.1666	0.00891	-1.067	-0.7588	-0.4644	501	1550
	theta[965,1]	1.34	0.2084	0.01175	0.9122	1.34	1.745	501	1550
	theta[966,1]	0.8211	0.2	0.01183	0.4213	0.8106	1.217	501	1550
	theta[967,1]	0.4268	0.1723	0.009961	0.1005	0.4374	0.7564	501	1550
	theta[968,1]	0.02688	0.1947	0.01168	-0.3576	0.01732	0.3827	501	1550
	theta[969,1]	0.6582	0.1738	0.007758	0.3161	0.6642	1.006	501	1550
	theta[970,1]	0.03618	0.1673	0.009858	-0.297	0.02391	0.3747	501	1550
	theta[971,1]	-0.1517	0.1464	0.009065	-0.451	-0.1509	0.1248	501	1550
	theta[972,1]	0.2514	0.2305	0.01311	-0.2748	0.2607	0.6835	501	1550
	theta[973,1]	-1.241	0.2061	0.012	-1.649	-1.25	-0.8522	501	1550
	theta[974,1]	2.275	0.2207	0.01447	1.877	2.273	2.735	501	1550
	theta[975,1]	0.8431	0.2226	0.01204	0.3914	0.8488	1.292	501	1550
	theta[976,1]	-0.01491	0.1673	0.00977	-0.3279	-0.007009	0.3375	501	1550
	theta[977,1]	0.9099	0.2004	0.0126	0.5151	0.9106	1.306	501	1550
	theta[978,1]	-0.3272	0.1628	0.009345	-0.6609	-0.3157	-0.01191	501	1550
	theta[979,1]	1.716	0.2055	0.01262	1.31	1.702	2.124	501	1550
	theta[980,1]	-0.2755	0.1691	0.00838	-0.5786	-0.2846	0.107	501	1550
	theta[981,1]	-1.849	0.2679	0.01453	-2.424	-1.84	-1.351	501	1550
	theta[982,1]	1.168	0.1883	0.01204	0.8191	1.169	1.589	501	1550
	theta[983,1]	1.119	0.2167	0.01519	0.6626	1.13	1.546	501	1550
	theta[984,1]	-0.9508	0.1697	0.008614	-1.281	-0.9497	-0.6167	501	1550
	theta[985,1]	-1.222	0.1868	0.009245	-1.618	-1.205	-0.8703	501	1550
	theta[986,1]	-1.313	0.2005	0.01019	-1.756	-1.285	-0.9794	501	1550
	theta[987,1]	-0.2073	0.161	0.00914	-0.5192	-0.2143	0.1031	501	1550
	theta[988,1]	-1.526	0.2171	0.01205	-1.929	-1.52	-1.11	501	1550
	theta[989,1]	-0.9194	0.2002	0.01362	-1.324	-0.923	-0.536	501	1550
	theta[990,1]	0.3902	0.1731	0.009077	0.07373	0.3788	0.745	501	1550
	theta[991,1]	0.8186	0.1731	0.01089	0.4599	0.8202	1.16	501	1550
	theta[992,1]	-0.5439	0.1694	0.01206	-0.8595	-0.5331	-0.1983	501	1550
	theta[993,1]	0.08885	0.1571	0.009091	-0.1943	0.08475	0.4297	501	1550
	theta[994,1]	0.09519	0.1638	0.009017	-0.2226	0.09033	0.4441	501	1550
	theta[995,1]	1.548	0.1888	0.01294	1.183	1.556	1.899	501	1550
	theta[996,1]	-0.8058	0.1689	0.01043	-1.139	-0.7923	-0.4797	501	1550
	theta[997,1]	-1.578	0.2251	0.0131	-2.046	-1.58	-1.161	501	1550
	theta[998,1]	-1.971	0.2667	0.0154	-2.533	-1.954	-1.454	501	1550
	theta[999,1]	0.9564	0.1888	0.01135	0.5617	0.9714	1.308	501	1550
	theta[1000,1]	0.138	0.1697	0.009753	-0.1944	0.1365	0.4894	501	1550
