		mean	sd	MC_error	val2.5pc	median	val97.5pc	start	sample
	a[1,1]	0.8919	0.06868	0.003457	0.7642	0.8886	1.038	10000	5001
	a[2,1]	0.9365	0.07446	0.004	0.7934	0.9359	1.086	10000	5001
	a[3,1]	1.386	0.1034	0.005346	1.191	1.382	1.6	10000	5001
	a[4,1]	1.878	0.139	0.005981	1.609	1.874	2.165	10000	5001
	a[5,1]	0.7926	0.06404	0.002409	0.6753	0.789	0.9275	10000	5001
	a[6,1]	1.928	0.1416	0.006032	1.662	1.924	2.216	10000	5001
	a[7,1]	1.828	0.1319	0.005076	1.582	1.823	2.099	10000	5001
	a[8,1]	1.481	0.1073	0.003728	1.275	1.48	1.703	10000	5001
	a[9,1]	1.534	0.1153	0.004569	1.322	1.53	1.772	10000	5001
	a[10,1]	0.589	0.05644	0.002076	0.4784	0.5891	0.7002	10000	5001
	a[11,1]	0.8532	0.06972	0.002551	0.7184	0.8521	0.9939	10000	5001
	a[12,1]	0.6774	0.05712	0.002012	0.5671	0.6764	0.7934	10000	5001
	a[13,1]	1.66	0.1242	0.005221	1.429	1.657	1.913	10000	5001
	a[14,1]	1.003	0.07376	0.002577	0.8684	1.001	1.156	10000	5001
	a[15,1]	1.563	0.1102	0.004633	1.357	1.563	1.786	10000	5001
	a[16,1]	1.394	0.09975	0.004583	1.204	1.392	1.595	10000	5001
	a[17,1]	1.597	0.1123	0.005033	1.39	1.593	1.833	10000	5001
	a[18,1]	1.849	0.1368	0.00655	1.594	1.846	2.128	10000	5001
	a[19,1]	1.149	0.08294	0.003784	0.9927	1.147	1.32	10000	5001
	a[20,1]	1.703	0.1225	0.00535	1.475	1.701	1.953	10000	5001
	b[1,1]	-1.869	0.1659	0.01805	-2.223	-1.849	-1.605	10000	5001
	b[2,1]	-2.047	0.1876	0.02041	-2.41	-2.015	-1.763	10000	5001
	b[3,1]	-1.337	0.07583	0.007239	-1.482	-1.336	-1.184	10000	5001
	b[4,1]	-0.5738	0.04279	0.004034	-0.6628	-0.5701	-0.4972	10000	5001
	b[5,1]	-0.5179	0.06089	0.004089	-0.6397	-0.5204	-0.395	10000	5001
	b[6,1]	-0.1201	0.0399	0.003889	-0.2064	-0.1193	-0.05016	10000	5001
	b[7,1]	-0.01846	0.03956	0.003858	-0.1048	-0.01633	0.05148	10000	5001
	b[8,1]	-0.02032	0.04327	0.003974	-0.1138	-0.01538	0.05671	10000	5001
	b[9,1]	-0.01376	0.04256	0.003894	-0.1051	-0.01239	0.05846	10000	5001
	b[10,1]	0.1323	0.0673	0.00414	4.952E-4	0.1314	0.2623	10000	5001
	b[11,1]	0.4085	0.05707	0.004273	0.2965	0.4096	0.5171	10000	5001
	b[12,1]	0.4014	0.06854	0.004698	0.2664	0.4036	0.5331	10000	5001
	b[13,1]	0.532	0.04839	0.004683	0.4384	0.5353	0.6238	10000	5001
	b[14,1]	0.687	0.05623	0.004694	0.578	0.6875	0.8021	10000	5001
	b[15,1]	0.7731	0.05218	0.005046	0.6648	0.7783	0.8667	10000	5001
	b[16,1]	0.8306	0.05765	0.005329	0.7104	0.8367	0.933	10000	5001
	b[17,1]	0.8895	0.0554	0.005391	0.7771	0.8949	0.9826	10000	5001
	b[18,1]	0.9215	0.05498	0.005655	0.803	0.9286	1.024	10000	5001
	b[19,1]	1.115	0.07454	0.006589	0.9604	1.115	1.254	10000	5001
	b[20,1]	1.479	0.08004	0.00771	1.324	1.479	1.639	10000	5001
	psi[1,2]	1.291	0.1884	0.01094	0.9379	1.288	1.67	10000	5001
	psi[1,3]	0.9536	0.1812	0.01269	0.6148	0.9459	1.321	10000	5001
	psi[1,4]	0.7423	0.1669	0.01128	0.4456	0.734	1.091	10000	5001
	psi[2,2]	0.8682	0.207	0.0137	0.4949	0.8639	1.282	10000	5001
	psi[2,3]	0.9613	0.199	0.01443	0.6	0.9476	1.39	10000	5001
	psi[2,4]	0.5909	0.2053	0.01389	0.2109	0.5822	1.015	10000	5001
	psi[3,2]	1.529	0.1832	0.005167	1.176	1.525	1.892	10000	5001
	psi[3,3]	1.108	0.1546	0.004032	0.8118	1.107	1.417	10000	5001
	psi[3,4]	0.8822	0.1298	0.003594	0.6267	0.8834	1.135	10000	5001
	psi[4,2]	1.843	0.2055	0.005982	1.452	1.843	2.264	10000	5001
	psi[4,3]	1.651	0.1495	0.003557	1.358	1.648	1.949	10000	5001
	psi[4,4]	1.055	0.1091	0.002264	0.8443	1.054	1.273	10000	5001
	psi[5,2]	1.064	0.1315	0.002418	0.8175	1.063	1.328	10000	5001
	psi[5,3]	0.5943	0.1127	0.002597	0.374	0.5938	0.8138	10000	5001
	psi[5,4]	0.7485	0.09286	0.001696	0.5739	0.7482	0.9307	10000	5001
	psi[6,2]	1.911	0.1948	0.005399	1.539	1.908	2.299	10000	5001
	psi[6,3]	1.418	0.1467	0.003944	1.13	1.416	1.704	10000	5001
	psi[6,4]	1.156	0.108	0.002462	0.9486	1.155	1.371	10000	5001
	psi[7,2]	1.945	0.1993	0.004142	1.57	1.939	2.35	10000	5001
	psi[7,3]	1.632	0.1483	0.003253	1.345	1.63	1.923	10000	5001
	psi[7,4]	1.101	0.102	0.001776	0.904	1.1	1.305	10000	5001
	psi[8,2]	2.031	0.1965	0.004165	1.661	2.028	2.419	10000	5001
	psi[8,3]	1.735	0.1483	0.002798	1.448	1.732	2.025	10000	5001
	psi[8,4]	1.214	0.09812	0.001414	1.025	1.213	1.409	10000	5001
	psi[9,2]	1.414	0.1638	0.003721	1.101	1.411	1.738	10000	5001
	psi[9,3]	1.155	0.124	0.002831	0.917	1.154	1.402	10000	5001
	psi[9,4]	0.5534	0.1002	0.001962	0.3547	0.5554	0.7434	10000	5001
	psi[10,2]	0.8115	0.1303	0.002384	0.5499	0.8132	1.067	10000	5001
	psi[10,3]	0.5894	0.11	0.002534	0.3736	0.5877	0.8039	10000	5001
	psi[10,4]	0.6524	0.0866	0.00156	0.4847	0.6514	0.8282	10000	5001
	psi[11,2]	0.916	0.1332	0.002992	0.6559	0.9142	1.183	10000	5001
	psi[11,3]	0.7426	0.1124	0.002161	0.5172	0.7419	0.9664	10000	5001
	psi[11,4]	0.4789	0.09254	0.001731	0.2967	0.4796	0.6618	10000	5001
	psi[12,2]	0.8004	0.1355	0.002382	0.5377	0.7985	1.067	10000	5001
	psi[12,3]	0.7882	0.1149	0.002743	0.5642	0.7865	1.021	10000	5001
	psi[12,4]	0.6989	0.08747	0.001919	0.5293	0.6993	0.8701	10000	5001
	psi[13,2]	1.952	0.1881	0.004765	1.595	1.949	2.33	10000	5001
	psi[13,3]	1.289	0.1408	0.003222	1.019	1.289	1.568	10000	5001
	psi[13,4]	0.9242	0.1041	0.002242	0.7185	0.9238	1.128	10000	5001
	psi[14,2]	0.8732	0.1352	0.002966	0.6151	0.8705	1.143	10000	5001
	psi[14,3]	0.7207	0.121	0.00243	0.4825	0.7241	0.9548	10000	5001
	psi[14,4]	0.759	0.1007	0.002007	0.5629	0.7589	0.9604	10000	5001
	psi[15,2]	1.827	0.1823	0.003974	1.48	1.824	2.181	10000	5001
	psi[15,3]	1.336	0.141	0.003499	1.061	1.333	1.613	10000	5001
	psi[15,4]	1.152	0.1083	0.001901	0.9403	1.15	1.365	10000	5001
	psi[16,2]	2.074	0.185	0.00397	1.721	2.071	2.447	10000	5001
	psi[16,3]	1.524	0.1459	0.003348	1.238	1.523	1.808	10000	5001
	psi[16,4]	1.325	0.1053	0.002007	1.122	1.323	1.534	10000	5001
	psi[17,2]	2.25	0.2052	0.005041	1.856	2.242	2.668	10000	5001
	psi[17,3]	1.642	0.1549	0.003794	1.353	1.639	1.949	10000	5001
	psi[17,4]	1.436	0.1156	0.002461	1.216	1.436	1.663	10000	5001
	psi[18,2]	1.759	0.1965	0.005485	1.389	1.756	2.163	10000	5001
	psi[18,3]	1.44	0.1534	0.003721	1.141	1.439	1.745	10000	5001
	psi[18,4]	1.122	0.1176	0.002481	0.8983	1.119	1.361	10000	5001
	psi[19,2]	1.43	0.1652	0.003521	1.106	1.429	1.75	10000	5001
	psi[19,3]	1.298	0.1373	0.003158	1.028	1.295	1.571	10000	5001
	psi[19,4]	1.056	0.1047	0.002206	0.8513	1.053	1.267	10000	5001
	psi[20,2]	2.359	0.2335	0.007044	1.93	2.354	2.838	10000	5001
	psi[20,3]	1.736	0.1975	0.007313	1.362	1.732	2.127	10000	5001
	psi[20,4]	1.781	0.1567	0.005814	1.487	1.779	2.097	10000	5001
	tau[1,2]	1.447	0.1832	0.01609	1.121	1.434	1.842	10000	5001
	tau[1,3]	1.071	0.1993	0.01717	0.7131	1.055	1.499	10000	5001
	tau[1,4]	0.8357	0.1938	0.01517	0.4955	0.82	1.262	10000	5001
	tau[2,2]	0.9249	0.201	0.01699	0.556	0.9122	1.336	10000	5001
	tau[2,3]	1.03	0.2164	0.01869	0.6523	1.01	1.479	10000	5001
	tau[2,4]	0.6339	0.2255	0.01689	0.2216	0.6195	1.107	10000	5001
	tau[3,2]	1.102	0.09456	0.005472	0.9112	1.103	1.285	10000	5001
	tau[3,3]	0.7999	0.1003	0.004907	0.6051	0.7996	0.9984	10000	5001
	tau[3,4]	0.638	0.09405	0.004236	0.456	0.6371	0.8203	10000	5001
	tau[4,2]	0.9806	0.06754	0.002765	0.8464	0.9813	1.111	10000	5001
	tau[4,3]	0.8805	0.06353	0.002348	0.757	0.8792	1.011	10000	5001
	tau[4,4]	0.563	0.05422	0.001753	0.4586	0.5617	0.6722	10000	5001
	tau[5,2]	1.342	0.1323	0.003724	1.079	1.342	1.601	10000	5001
	tau[5,3]	0.7495	0.1288	0.003412	0.4939	0.7484	1.001	10000	5001
	tau[5,4]	0.9482	0.124	0.003542	0.7097	0.9444	1.203	10000	5001
	tau[6,2]	0.9909	0.0612	0.00253	0.8731	0.9901	1.112	10000	5001
	tau[6,3]	0.7357	0.05849	0.002103	0.6208	0.7363	0.8504	10000	5001
	tau[6,4]	0.6011	0.05297	0.001836	0.4993	0.5997	0.7096	10000	5001
	tau[7,2]	1.064	0.06865	0.002726	0.928	1.063	1.198	10000	5001
	tau[7,3]	0.8938	0.06191	0.002176	0.7757	0.8919	1.019	10000	5001
	tau[7,4]	0.6039	0.05207	0.001552	0.5045	0.603	0.7101	10000	5001
	tau[8,2]	1.371	0.0888	0.003433	1.199	1.371	1.546	10000	5001
	tau[8,3]	1.173	0.07604	0.003119	1.028	1.171	1.324	10000	5001
	tau[8,4]	0.8215	0.06177	0.002062	0.7063	0.8203	0.9496	10000	5001
	tau[9,2]	0.9205	0.07128	0.002585	0.776	0.9214	1.058	10000	5001
	tau[9,3]	0.7533	0.06664	0.002014	0.627	0.7526	0.8854	10000	5001
	tau[9,4]	0.361	0.06201	0.001526	0.2365	0.361	0.4829	10000	5001
	tau[10,2]	1.379	0.1872	0.004604	1.011	1.381	1.746	10000	5001
	tau[10,3]	1.002	0.1708	0.004344	0.6603	1.0	1.348	10000	5001
	tau[10,4]	1.114	0.1585	0.004624	0.8157	1.108	1.439	10000	5001
	tau[11,2]	1.073	0.1214	0.003493	0.8273	1.074	1.312	10000	5001
	tau[11,3]	0.8711	0.1173	0.003278	0.6401	0.8719	1.103	10000	5001
	tau[11,4]	0.5627	0.107	0.002257	0.3532	0.5624	0.7756	10000	5001
	tau[12,2]	1.181	0.1711	0.003857	0.8482	1.183	1.516	10000	5001
	tau[12,3]	1.166	0.1556	0.004523	0.8633	1.166	1.474	10000	5001
	tau[12,4]	1.036	0.1373	0.004393	0.7829	1.031	1.323	10000	5001
	tau[13,2]	1.176	0.06981	0.002972	1.038	1.175	1.313	10000	5001
	tau[13,3]	0.7769	0.0657	0.002194	0.6488	0.7762	0.9073	10000	5001
	tau[13,4]	0.558	0.0598	0.001909	0.4463	0.5565	0.6787	10000	5001
	tau[14,2]	0.8691	0.1052	0.003499	0.6584	0.8701	1.072	10000	5001
	tau[14,3]	0.7187	0.1095	0.003021	0.5026	0.721	0.9222	10000	5001
	tau[14,4]	0.7591	0.1018	0.00266	0.5675	0.7571	0.964	10000	5001
	tau[15,2]	1.168	0.07611	0.003305	1.016	1.17	1.317	10000	5001
	tau[15,3]	0.8555	0.07478	0.002764	0.7097	0.8551	1.004	10000	5001
	tau[15,4]	0.7383	0.06781	0.002321	0.6148	0.7373	0.8753	10000	5001
	tau[16,2]	1.489	0.08803	0.00404	1.319	1.486	1.664	10000	5001
	tau[16,3]	1.094	0.08452	0.003652	0.93	1.092	1.263	10000	5001
	tau[16,4]	0.953	0.07386	0.0029	0.8145	0.9514	1.103	10000	5001
	tau[17,2]	1.409	0.08267	0.004126	1.251	1.408	1.573	10000	5001
	tau[17,3]	1.029	0.07596	0.003137	0.8823	1.028	1.182	10000	5001
	tau[17,4]	0.9017	0.07105	0.003068	0.7673	0.9006	1.048	10000	5001
	tau[18,2]	0.9506	0.06743	0.003026	0.8167	0.9526	1.082	10000	5001
	tau[18,3]	0.7794	0.06853	0.002598	0.6445	0.7801	0.9141	10000	5001
	tau[18,4]	0.6085	0.06213	0.002263	0.49	0.6084	0.7308	10000	5001
	tau[19,2]	1.243	0.1061	0.004456	1.032	1.242	1.449	10000	5001
	tau[19,3]	1.131	0.1075	0.004526	0.9293	1.128	1.35	10000	5001
	tau[19,4]	0.9215	0.09555	0.003858	0.7373	0.9189	1.113	10000	5001
	tau[20,2]	1.385	0.0901	0.005731	1.217	1.383	1.567	10000	5001
	tau[20,3]	1.02	0.09703	0.00567	0.8355	1.018	1.219	10000	5001
	tau[20,4]	1.048	0.09419	0.005438	0.8743	1.044	1.245	10000	5001
	theta[1,1]	-0.3006	0.226	0.00786	-0.7218	-0.3074	0.1831	10000	5001
	theta[2,1]	-0.124	0.1785	0.006102	-0.4611	-0.1208	0.2267	10000	5001
	theta[3,1]	1.224	0.1908	0.007287	0.8455	1.232	1.585	10000	5001
	theta[4,1]	-1.714	0.2871	0.008544	-2.363	-1.691	-1.203	10000	5001
	theta[5,1]	0.5574	0.2533	0.008027	0.0932	0.5515	1.087	10000	5001
	theta[6,1]	0.2923	0.2249	0.008215	-0.122	0.2831	0.7743	10000	5001
	theta[7,1]	1.165	0.1988	0.007897	0.7688	1.173	1.541	10000	5001
	theta[8,1]	-0.2029	0.1752	0.007349	-0.5533	-0.2013	0.1389	10000	5001
	theta[9,1]	0.3531	0.2003	0.007279	-0.05353	0.3547	0.7325	10000	5001
	theta[10,1]	0.2078	0.1655	0.005893	-0.1304	0.211	0.5442	10000	5001
	theta[11,1]	-0.5934	0.1798	0.005862	-0.9314	-0.5979	-0.2294	10000	5001
	theta[12,1]	0.8152	0.2092	0.006835	0.4187	0.814	1.217	10000	5001
	theta[13,1]	1.226	0.2493	0.009136	0.6806	1.245	1.665	10000	5001
	theta[14,1]	0.6306	0.1762	0.006979	0.2734	0.6292	0.9637	10000	5001
	theta[15,1]	1.352	0.2001	0.008847	0.9476	1.352	1.744	10000	5001
	theta[16,1]	0.4319	0.191	0.007082	0.07604	0.4307	0.8247	10000	5001
	theta[17,1]	-1.382	0.2192	0.007962	-1.833	-1.368	-0.9879	10000	5001
	theta[18,1]	-0.5311	0.1674	0.005879	-0.8509	-0.5267	-0.2117	10000	5001
	theta[19,1]	-1.078	0.1788	0.006619	-1.445	-1.07	-0.7512	10000	5001
	theta[20,1]	-0.4805	0.1578	0.005487	-0.7899	-0.4841	-0.1736	10000	5001
	theta[21,1]	-0.525	0.2103	0.007063	-0.9302	-0.5211	-0.1222	10000	5001
	theta[22,1]	0.1619	0.1659	0.006729	-0.1759	0.166	0.4844	10000	5001
	theta[23,1]	-0.5814	0.1677	0.00631	-0.9066	-0.5804	-0.249	10000	5001
	theta[24,1]	0.1547	0.1797	0.006278	-0.2267	0.1568	0.4879	10000	5001
	theta[25,1]	-0.4472	0.1681	0.006445	-0.7721	-0.4459	-0.1087	10000	5001
	theta[26,1]	1.925	0.2062	0.008366	1.545	1.916	2.341	10000	5001
	theta[27,1]	0.9173	0.1822	0.007315	0.5665	0.9138	1.29	10000	5001
	theta[28,1]	1.061	0.1819	0.00778	0.7002	1.065	1.411	10000	5001
	theta[29,1]	0.3748	0.1707	0.006016	0.04228	0.3656	0.7261	10000	5001
	theta[30,1]	1.575	0.1947	0.008041	1.181	1.573	1.957	10000	5001
	theta[31,1]	-0.5485	0.1698	0.006345	-0.8793	-0.5473	-0.2315	10000	5001
	theta[32,1]	-0.5592	0.1701	0.006959	-0.9112	-0.5508	-0.2484	10000	5001
	theta[33,1]	1.399	0.1997	0.008189	1.007	1.397	1.788	10000	5001
	theta[34,1]	-0.8622	0.1814	0.006852	-1.24	-0.8516	-0.5173	10000	5001
	theta[35,1]	-0.2968	0.1779	0.005213	-0.6478	-0.3033	0.06587	10000	5001
	theta[36,1]	-0.2238	0.2127	0.007615	-0.6171	-0.2302	0.211	10000	5001
	theta[37,1]	-0.3458	0.2067	0.006374	-0.7667	-0.3349	0.06075	10000	5001
	theta[38,1]	-0.2407	0.1561	0.005993	-0.5619	-0.2394	0.06236	10000	5001
	theta[39,1]	0.289	0.1708	0.006546	-0.04337	0.2859	0.6239	10000	5001
	theta[40,1]	0.1917	0.1612	0.006202	-0.1081	0.192	0.5116	10000	5001
	theta[41,1]	-0.6394	0.1688	0.006022	-0.9639	-0.6454	-0.3008	10000	5001
	theta[42,1]	1.313	0.215	0.008502	0.8741	1.319	1.72	10000	5001
	theta[43,1]	-0.2435	0.1751	0.006273	-0.5824	-0.2436	0.101	10000	5001
	theta[44,1]	-0.1842	0.2284	0.006658	-0.6174	-0.1902	0.263	10000	5001
	theta[45,1]	-0.0488	0.1628	0.005718	-0.3705	-0.04682	0.2616	10000	5001
	theta[46,1]	0.811	0.1907	0.006932	0.4433	0.8051	1.187	10000	5001
	theta[47,1]	-0.01991	0.1709	0.006409	-0.3436	-0.01829	0.3114	10000	5001
	theta[48,1]	-0.3698	0.1706	0.006959	-0.7156	-0.3602	-0.04705	10000	5001
	theta[49,1]	-0.5253	0.1857	0.005789	-0.8786	-0.5292	-0.1591	10000	5001
	theta[50,1]	-0.1211	0.192	0.007444	-0.5057	-0.1178	0.2453	10000	5001
	theta[51,1]	-0.09454	0.1848	0.006404	-0.4682	-0.09146	0.2522	10000	5001
	theta[52,1]	-0.6417	0.1893	0.006573	-1.013	-0.6391	-0.2585	10000	5001
	theta[53,1]	0.339	0.1688	0.006719	0.01403	0.3359	0.6879	10000	5001
	theta[54,1]	-1.617	0.2194	0.007849	-2.049	-1.614	-1.206	10000	5001
	theta[55,1]	0.5187	0.1947	0.007093	0.1318	0.5214	0.8947	10000	5001
	theta[56,1]	-1.519	0.215	0.007748	-1.985	-1.513	-1.11	10000	5001
	theta[57,1]	-0.1297	0.1778	0.006805	-0.4768	-0.1235	0.2192	10000	5001
	theta[58,1]	-0.661	0.1691	0.005947	-0.9894	-0.6575	-0.3221	10000	5001
	theta[59,1]	-0.4757	0.1786	0.005802	-0.8251	-0.4763	-0.1346	10000	5001
	theta[60,1]	-0.09559	0.2312	0.007999	-0.5219	-0.1051	0.3715	10000	5001
	theta[61,1]	-1.797	0.2979	0.01019	-2.436	-1.788	-1.226	10000	5001
	theta[62,1]	0.9392	0.1772	0.006812	0.6068	0.9367	1.288	10000	5001
	theta[63,1]	-1.458	0.2117	0.006961	-1.888	-1.453	-1.049	10000	5001
	theta[64,1]	-0.1848	0.1606	0.005681	-0.5012	-0.1857	0.1245	10000	5001
	theta[65,1]	-0.9857	0.2024	0.006431	-1.419	-0.9692	-0.624	10000	5001
	theta[66,1]	-0.5246	0.1759	0.006809	-0.8587	-0.525	-0.1873	10000	5001
	theta[67,1]	1.897	0.2047	0.007648	1.506	1.892	2.305	10000	5001
	theta[68,1]	0.3274	0.1738	0.006468	-0.00891	0.3228	0.6705	10000	5001
	theta[69,1]	-0.8445	0.1776	0.006969	-1.206	-0.8453	-0.5018	10000	5001
	theta[70,1]	-1.383	0.2393	0.008447	-1.878	-1.368	-0.9703	10000	5001
	theta[71,1]	0.4628	0.2112	0.006523	0.06296	0.4654	0.8676	10000	5001
	theta[72,1]	0.112	0.1767	0.007231	-0.2517	0.1093	0.4457	10000	5001
	theta[73,1]	-0.3247	0.1547	0.00582	-0.614	-0.3254	-0.01897	10000	5001
	theta[74,1]	-0.7506	0.1816	0.006515	-1.085	-0.7529	-0.3932	10000	5001
	theta[75,1]	-1.22	0.1891	0.006288	-1.604	-1.214	-0.8568	10000	5001
	theta[76,1]	-0.7961	0.1801	0.006398	-1.154	-0.7845	-0.4511	10000	5001
	theta[77,1]	1.039	0.2151	0.008359	0.6209	1.039	1.468	10000	5001
	theta[78,1]	-0.8261	0.2075	0.008174	-1.201	-0.8366	-0.3929	10000	5001
	theta[79,1]	-0.9627	0.181	0.006499	-1.318	-0.9624	-0.6021	10000	5001
	theta[80,1]	2.009	0.2205	0.009128	1.592	2.009	2.448	10000	5001
	theta[81,1]	0.3071	0.1891	0.005902	-0.09462	0.3154	0.6652	10000	5001
	theta[82,1]	-0.226	0.2082	0.007578	-0.6266	-0.2245	0.1881	10000	5001
	theta[83,1]	0.7868	0.1664	0.007428	0.4607	0.7802	1.123	10000	5001
	theta[84,1]	0.7414	0.1857	0.006427	0.3809	0.7408	1.127	10000	5001
	theta[85,1]	-0.4093	0.1964	0.007216	-0.7614	-0.4201	0.01884	10000	5001
	theta[86,1]	1.996	0.2145	0.009183	1.581	1.996	2.419	10000	5001
	theta[87,1]	-0.2955	0.1813	0.006844	-0.6481	-0.2995	0.06237	10000	5001
	theta[88,1]	-1.12	0.1876	0.006775	-1.501	-1.108	-0.7666	10000	5001
	theta[89,1]	-0.2338	0.1791	0.006231	-0.5911	-0.232	0.1131	10000	5001
	theta[90,1]	0.4373	0.1923	0.006315	0.08982	0.4313	0.8346	10000	5001
	theta[91,1]	2.412	0.2574	0.01143	1.943	2.398	2.959	10000	5001
	theta[92,1]	0.1615	0.1654	0.006575	-0.1452	0.1541	0.505	10000	5001
	theta[93,1]	0.4438	0.1798	0.00603	0.06495	0.4542	0.7818	10000	5001
	theta[94,1]	0.06585	0.2257	0.007284	-0.3507	0.05886	0.5001	10000	5001
	theta[95,1]	-0.4544	0.1748	0.006714	-0.7784	-0.4553	-0.09992	10000	5001
	theta[96,1]	-0.04277	0.1589	0.006129	-0.3528	-0.04018	0.2581	10000	5001
	theta[97,1]	0.9109	0.223	0.007694	0.4786	0.9073	1.358	10000	5001
	theta[98,1]	2.19	0.2362	0.01046	1.748	2.191	2.676	10000	5001
	theta[99,1]	0.7783	0.1753	0.006448	0.4405	0.7754	1.128	10000	5001
	theta[100,1]	1.046	0.2394	0.00731	0.533	1.049	1.486	10000	5001
	theta[101,1]	-1.083	0.1784	0.006647	-1.431	-1.085	-0.7397	10000	5001
	theta[102,1]	0.4833	0.2012	0.007383	0.09798	0.4831	0.9031	10000	5001
	theta[103,1]	0.05934	0.1751	0.006562	-0.2679	0.05289	0.4242	10000	5001
	theta[104,1]	-1.475	0.2164	0.00794	-1.927	-1.471	-1.068	10000	5001
	theta[105,1]	0.2659	0.1771	0.006573	-0.06727	0.2687	0.6123	10000	5001
	theta[106,1]	-0.2764	0.1729	0.006765	-0.6111	-0.2754	0.05092	10000	5001
	theta[107,1]	1.138	0.2152	0.007215	0.6961	1.139	1.568	10000	5001
	theta[108,1]	-0.589	0.1759	0.006285	-0.9377	-0.5879	-0.2479	10000	5001
	theta[109,1]	-0.2422	0.1829	0.006348	-0.5914	-0.2517	0.1289	10000	5001
	theta[110,1]	-0.6944	0.1827	0.006492	-1.045	-0.6968	-0.3357	10000	5001
	theta[111,1]	-0.1236	0.1748	0.00584	-0.4698	-0.1305	0.2292	10000	5001
	theta[112,1]	0.3174	0.1631	0.005679	0.004027	0.3168	0.6301	10000	5001
	theta[113,1]	-0.9284	0.1825	0.006556	-1.29	-0.9285	-0.5753	10000	5001
	theta[114,1]	0.7831	0.1855	0.007229	0.4257	0.7742	1.147	10000	5001
	theta[115,1]	-0.9069	0.1749	0.00606	-1.268	-0.9054	-0.5825	10000	5001
	theta[116,1]	-0.837	0.1818	0.007377	-1.189	-0.8401	-0.4809	10000	5001
	theta[117,1]	1.112	0.2092	0.008289	0.6822	1.115	1.511	10000	5001
	theta[118,1]	-0.8296	0.1679	0.006099	-1.161	-0.8283	-0.4973	10000	5001
	theta[119,1]	0.605	0.1888	0.007692	0.2314	0.608	0.9586	10000	5001
	theta[120,1]	-0.1065	0.159	0.00495	-0.4241	-0.1037	0.2023	10000	5001
	theta[121,1]	0.72	0.1841	0.006281	0.3661	0.7206	1.087	10000	5001
	theta[122,1]	1.829	0.2084	0.008959	1.422	1.824	2.248	10000	5001
	theta[123,1]	1.36	0.1923	0.007116	0.971	1.359	1.733	10000	5001
	theta[124,1]	-0.1653	0.1932	0.006832	-0.5258	-0.1679	0.2072	10000	5001
	theta[125,1]	-1.977	0.2583	0.008568	-2.476	-1.969	-1.5	10000	5001
	theta[126,1]	2.254	0.243	0.01044	1.816	2.242	2.741	10000	5001
	theta[127,1]	0.731	0.1954	0.006857	0.36	0.7362	1.127	10000	5001
	theta[128,1]	0.4578	0.2342	0.006831	-0.01894	0.4546	0.9122	10000	5001
	theta[129,1]	-0.009423	0.1743	0.007372	-0.3546	-0.007739	0.3265	10000	5001
	theta[130,1]	0.4317	0.1985	0.006557	0.05545	0.429	0.8366	10000	5001
	theta[131,1]	-0.3483	0.1844	0.006989	-0.7199	-0.3507	0.02984	10000	5001
	theta[132,1]	0.4686	0.182	0.00738	0.1371	0.4657	0.8383	10000	5001
	theta[133,1]	-0.8977	0.1947	0.007072	-1.28	-0.8905	-0.5304	10000	5001
	theta[134,1]	-1.175	0.1995	0.007202	-1.602	-1.162	-0.8155	10000	5001
	theta[135,1]	0.8352	0.191	0.008021	0.4743	0.8334	1.211	10000	5001
	theta[136,1]	1.503	0.2183	0.007676	1.07	1.504	1.933	10000	5001
	theta[137,1]	-0.3431	0.2	0.006987	-0.7323	-0.3476	0.05431	10000	5001
	theta[138,1]	-1.31	0.2127	0.007331	-1.767	-1.297	-0.9081	10000	5001
	theta[139,1]	0.7181	0.1846	0.006302	0.3722	0.715	1.087	10000	5001
	theta[140,1]	-0.1544	0.1667	0.005199	-0.4768	-0.1511	0.1641	10000	5001
	theta[141,1]	-1.764	0.2432	0.008772	-2.249	-1.756	-1.311	10000	5001
	theta[142,1]	0.04969	0.2106	0.006959	-0.3591	0.05149	0.4601	10000	5001
	theta[143,1]	-0.6103	0.1716	0.006895	-0.9458	-0.6094	-0.2644	10000	5001
	theta[144,1]	-0.5907	0.1702	0.00565	-0.9032	-0.5991	-0.2081	10000	5001
	theta[145,1]	-1.11	0.2051	0.006395	-1.519	-1.106	-0.7096	10000	5001
	theta[146,1]	1.775	0.227	0.00785	1.296	1.782	2.194	10000	5001
	theta[147,1]	-0.1739	0.1554	0.005361	-0.466	-0.1743	0.1332	10000	5001
	theta[148,1]	-1.553	0.2213	0.00847	-2.04	-1.545	-1.143	10000	5001
	theta[149,1]	0.2262	0.1846	0.006379	-0.1355	0.2279	0.574	10000	5001
	theta[150,1]	0.4234	0.1962	0.007781	0.05027	0.4138	0.8286	10000	5001
	theta[151,1]	-0.8361	0.1761	0.006077	-1.197	-0.837	-0.4919	10000	5001
	theta[152,1]	-2.302	0.3159	0.009643	-2.925	-2.294	-1.695	10000	5001
	theta[153,1]	-0.6348	0.1642	0.006154	-0.9586	-0.633	-0.3189	10000	5001
	theta[154,1]	0.6022	0.19	0.00799	0.2418	0.6059	0.9661	10000	5001
	theta[155,1]	-0.3307	0.1721	0.006371	-0.6755	-0.3258	-0.005019	10000	5001
	theta[156,1]	-0.4023	0.1939	0.006785	-0.773	-0.4024	-0.005414	10000	5001
	theta[157,1]	0.5918	0.1907	0.007036	0.2187	0.5906	0.9603	10000	5001
	theta[158,1]	-1.149	0.2037	0.006941	-1.595	-1.14	-0.7925	10000	5001
	theta[159,1]	1.035	0.1718	0.00668	0.7023	1.035	1.372	10000	5001
	theta[160,1]	0.001006	0.1624	0.005268	-0.3258	0.006554	0.3158	10000	5001
	theta[161,1]	0.586	0.1865	0.005803	0.2316	0.5812	0.9589	10000	5001
	theta[162,1]	0.9692	0.1761	0.007406	0.6181	0.9656	1.308	10000	5001
	theta[163,1]	0.152	0.1791	0.006525	-0.2219	0.1564	0.4846	10000	5001
	theta[164,1]	-0.6965	0.2127	0.007276	-1.121	-0.7064	-0.2712	10000	5001
	theta[165,1]	0.9062	0.187	0.006421	0.5426	0.9078	1.281	10000	5001
	theta[166,1]	-1.818	0.2582	0.008852	-2.341	-1.817	-1.305	10000	5001
	theta[167,1]	-0.1113	0.21	0.006537	-0.5219	-0.1076	0.2904	10000	5001
	theta[168,1]	-0.04331	0.2001	0.006717	-0.4347	-0.03819	0.3388	10000	5001
	theta[169,1]	-0.1118	0.1769	0.006226	-0.4706	-0.1041	0.2307	10000	5001
	theta[170,1]	0.961	0.2097	0.009216	0.5389	0.9585	1.375	10000	5001
	theta[171,1]	0.2581	0.1736	0.006866	-0.06947	0.2576	0.6056	10000	5001
	theta[172,1]	0.3252	0.2104	0.007691	-0.09544	0.3157	0.743	10000	5001
	theta[173,1]	-0.1111	0.162	0.005436	-0.4442	-0.1095	0.2071	10000	5001
	theta[174,1]	-0.1332	0.2058	0.006602	-0.516	-0.1429	0.2707	10000	5001
	theta[175,1]	0.7037	0.243	0.008169	0.2746	0.6798	1.222	10000	5001
	theta[176,1]	1.325	0.2166	0.009001	0.8818	1.328	1.724	10000	5001
	theta[177,1]	-2.04	0.3022	0.01076	-2.644	-2.039	-1.462	10000	5001
	theta[178,1]	0.9489	0.2863	0.009522	0.3936	0.9593	1.46	10000	5001
	theta[179,1]	0.5856	0.2575	0.009316	0.09823	0.5833	1.063	10000	5001
	theta[180,1]	-0.08725	0.1758	0.005985	-0.4386	-0.08512	0.2476	10000	5001
	theta[181,1]	0.9288	0.1994	0.00662	0.5196	0.932	1.303	10000	5001
	theta[182,1]	-0.1571	0.2383	0.006248	-0.5742	-0.1751	0.3011	10000	5001
	theta[183,1]	-0.1982	0.1583	0.006294	-0.513	-0.2023	0.1156	10000	5001
	theta[184,1]	1.099	0.1888	0.007585	0.7216	1.092	1.486	10000	5001
	theta[185,1]	1.638	0.2022	0.007912	1.233	1.636	2.043	10000	5001
	theta[186,1]	0.1834	0.1705	0.006653	-0.151	0.1819	0.5215	10000	5001
	theta[187,1]	-0.6466	0.1967	0.008536	-1.017	-0.6494	-0.2581	10000	5001
	theta[188,1]	-1.023	0.1815	0.006696	-1.397	-1.014	-0.6772	10000	5001
	theta[189,1]	-0.3534	0.1915	0.006313	-0.7303	-0.3558	0.03929	10000	5001
	theta[190,1]	-0.7884	0.1717	0.006214	-1.14	-0.7875	-0.4555	10000	5001
	theta[191,1]	-0.1455	0.1582	0.006278	-0.4626	-0.1437	0.1583	10000	5001
	theta[192,1]	0.322	0.172	0.006776	-0.02755	0.3218	0.6381	10000	5001
	theta[193,1]	-0.8636	0.184	0.007418	-1.229	-0.8584	-0.5169	10000	5001
	theta[194,1]	2.305	0.2394	0.009537	1.874	2.296	2.771	10000	5001
	theta[195,1]	-0.001552	0.1519	0.005704	-0.3034	0.002957	0.3	10000	5001
	theta[196,1]	1.057	0.2007	0.007712	0.6781	1.062	1.452	10000	5001
	theta[197,1]	-2.785	0.4054	0.0159	-3.628	-2.775	-2.011	10000	5001
	theta[198,1]	0.9764	0.2111	0.008004	0.5416	0.9809	1.362	10000	5001
	theta[199,1]	-1.015	0.1906	0.007138	-1.385	-1.02	-0.6514	10000	5001
	theta[200,1]	0.9797	0.1781	0.007702	0.6361	0.973	1.345	10000	5001
	theta[201,1]	0.5239	0.1993	0.00735	0.1672	0.5123	0.9605	10000	5001
	theta[202,1]	-0.489	0.1866	0.007054	-0.8156	-0.5043	-0.07346	10000	5001
	theta[203,1]	1.187	0.2179	0.007929	0.7512	1.188	1.605	10000	5001
	theta[204,1]	-0.4701	0.1943	0.007722	-0.8521	-0.4718	-0.08599	10000	5001
	theta[205,1]	-0.6235	0.1768	0.006541	-0.9671	-0.6206	-0.2726	10000	5001
	theta[206,1]	-0.9211	0.1858	0.006886	-1.28	-0.9213	-0.5475	10000	5001
	theta[207,1]	-0.5699	0.185	0.006794	-0.9203	-0.5777	-0.2095	10000	5001
	theta[208,1]	0.8006	0.1699	0.005958	0.4717	0.8032	1.131	10000	5001
	theta[209,1]	0.1698	0.1825	0.006754	-0.1904	0.1659	0.5321	10000	5001
	theta[210,1]	0.9673	0.1769	0.006968	0.6172	0.9692	1.304	10000	5001
	theta[211,1]	-0.396	0.1822	0.005736	-0.7594	-0.3949	-0.04796	10000	5001
	theta[212,1]	0.4876	0.1995	0.007583	0.1369	0.4703	0.9028	10000	5001
	theta[213,1]	0.279	0.1637	0.006272	-0.01845	0.2735	0.5979	10000	5001
	theta[214,1]	-1.568	0.2309	0.007379	-2.052	-1.558	-1.16	10000	5001
	theta[215,1]	1.301	0.2423	0.008106	0.803	1.311	1.757	10000	5001
	theta[216,1]	0.3519	0.1712	0.005708	2.792E-4	0.3603	0.6916	10000	5001
	theta[217,1]	0.6176	0.1955	0.006646	0.2502	0.6158	0.9943	10000	5001
	theta[218,1]	0.9075	0.2364	0.007764	0.4522	0.9034	1.385	10000	5001
	theta[219,1]	-0.2898	0.2181	0.006758	-0.6727	-0.3106	0.1672	10000	5001
	theta[220,1]	-0.3884	0.1728	0.0061	-0.7094	-0.3939	-0.03029	10000	5001
	theta[221,1]	0.8117	0.1941	0.007449	0.4156	0.8107	1.183	10000	5001
	theta[222,1]	-0.7949	0.1895	0.006189	-1.167	-0.7851	-0.4487	10000	5001
	theta[223,1]	1.805	0.2077	0.007976	1.406	1.802	2.233	10000	5001
	theta[224,1]	-0.6822	0.1834	0.006027	-1.036	-0.6943	-0.3241	10000	5001
	theta[225,1]	1.561	0.1995	0.008449	1.16	1.562	1.958	10000	5001
	theta[226,1]	1.42	0.2535	0.01072	0.818	1.443	1.838	10000	5001
	theta[227,1]	0.3984	0.2241	0.008247	-0.04257	0.3992	0.8333	10000	5001
	theta[228,1]	0.6489	0.1726	0.006065	0.3151	0.6442	0.9947	10000	5001
	theta[229,1]	-0.8015	0.1729	0.006051	-1.152	-0.7919	-0.4894	10000	5001
	theta[230,1]	-0.1358	0.2152	0.007063	-0.5548	-0.1377	0.2576	10000	5001
	theta[231,1]	1.056	0.2313	0.008522	0.5982	1.057	1.495	10000	5001
	theta[232,1]	0.294	0.2193	0.006859	-0.1251	0.2911	0.7569	10000	5001
	theta[233,1]	-0.2882	0.2198	0.006479	-0.6833	-0.3096	0.1677	10000	5001
	theta[234,1]	-0.5693	0.187	0.006213	-0.9123	-0.5659	-0.1907	10000	5001
	theta[235,1]	0.1915	0.1986	0.006512	-0.1813	0.1856	0.5738	10000	5001
	theta[236,1]	0.7966	0.2954	0.009737	0.1818	0.8237	1.301	10000	5001
	theta[237,1]	-0.3727	0.1849	0.006613	-0.7347	-0.3805	-0.01647	10000	5001
	theta[238,1]	-0.02743	0.1556	0.005956	-0.3425	-0.02477	0.2618	10000	5001
	theta[239,1]	-1.218	0.1894	0.007129	-1.605	-1.213	-0.8731	10000	5001
	theta[240,1]	0.6442	0.1685	0.007354	0.305	0.6471	0.9785	10000	5001
	theta[241,1]	1.329	0.2342	0.009417	0.8364	1.33	1.813	10000	5001
	theta[242,1]	1.292	0.2133	0.00865	0.846	1.297	1.688	10000	5001
	theta[243,1]	0.7413	0.218	0.008682	0.329	0.741	1.178	10000	5001
	theta[244,1]	-1.508	0.2212	0.008166	-1.974	-1.497	-1.083	10000	5001
	theta[245,1]	0.4722	0.2118	0.008272	0.06023	0.4736	0.8786	10000	5001
	theta[246,1]	0.3432	0.2191	0.006835	-0.06411	0.332	0.8161	10000	5001
	theta[247,1]	-0.5366	0.1901	0.006113	-0.8873	-0.5379	-0.1494	10000	5001
	theta[248,1]	-0.1421	0.2112	0.007105	-0.5659	-0.1438	0.2469	10000	5001
	theta[249,1]	-0.9119	0.1741	0.006573	-1.26	-0.9126	-0.5783	10000	5001
	theta[250,1]	0.7403	0.1954	0.007415	0.345	0.7359	1.142	10000	5001
	theta[251,1]	0.0946	0.1925	0.006989	-0.2975	0.1007	0.4626	10000	5001
	theta[252,1]	-1.341	0.1975	0.006312	-1.757	-1.337	-0.9722	10000	5001
	theta[253,1]	-0.2415	0.1675	0.006036	-0.5564	-0.2378	0.08206	10000	5001
	theta[254,1]	1.036	0.2513	0.007858	0.5359	1.049	1.503	10000	5001
	theta[255,1]	-0.4183	0.1645	0.005686	-0.7296	-0.4227	-0.09531	10000	5001
	theta[256,1]	0.8568	0.2023	0.00784	0.4528	0.8568	1.255	10000	5001
	theta[257,1]	0.5192	0.1844	0.006491	0.1597	0.5176	0.8835	10000	5001
	theta[258,1]	-0.2488	0.1805	0.00597	-0.5988	-0.2506	0.1012	10000	5001
	theta[259,1]	-0.05754	0.1761	0.005825	-0.4091	-0.05194	0.2921	10000	5001
	theta[260,1]	-0.3437	0.1687	0.006235	-0.6678	-0.3411	-0.01105	10000	5001
	theta[261,1]	0.8254	0.1915	0.008214	0.4538	0.8235	1.21	10000	5001
	theta[262,1]	-0.9024	0.1961	0.007458	-1.283	-0.905	-0.5057	10000	5001
	theta[263,1]	0.206	0.1859	0.007149	-0.171	0.2083	0.5616	10000	5001
	theta[264,1]	-0.3213	0.1676	0.005169	-0.663	-0.3231	6.445E-4	10000	5001
	theta[265,1]	-1.967	0.2652	0.00931	-2.518	-1.955	-1.478	10000	5001
	theta[266,1]	-1.216	0.1973	0.006922	-1.623	-1.214	-0.8335	10000	5001
	theta[267,1]	0.9336	0.1748	0.006263	0.605	0.9299	1.306	10000	5001
	theta[268,1]	0.1577	0.196	0.006871	-0.2153	0.1568	0.5674	10000	5001
	theta[269,1]	0.8005	0.1786	0.007371	0.4531	0.8034	1.168	10000	5001
	theta[270,1]	1.522	0.205	0.00935	1.1	1.532	1.908	10000	5001
	theta[271,1]	1.576	0.1922	0.008768	1.202	1.576	1.952	10000	5001
	theta[272,1]	0.6674	0.177	0.006911	0.3272	0.6655	1.014	10000	5001
	theta[273,1]	0.416	0.2	0.00789	0.01941	0.4178	0.8098	10000	5001
	theta[274,1]	-0.343	0.1774	0.006537	-0.6819	-0.3474	0.01585	10000	5001
	theta[275,1]	1.54	0.2037	0.007823	1.146	1.543	1.933	10000	5001
	theta[276,1]	0.6861	0.2145	0.007665	0.2744	0.674	1.12	10000	5001
	theta[277,1]	-1.196	0.1969	0.006982	-1.594	-1.192	-0.8136	10000	5001
	theta[278,1]	0.1951	0.219	0.00766	-0.2616	0.2102	0.6021	10000	5001
	theta[279,1]	-2.607	0.3438	0.01315	-3.328	-2.585	-1.99	10000	5001
	theta[280,1]	-0.3083	0.1888	0.007044	-0.6605	-0.3079	0.0604	10000	5001
	theta[281,1]	-2.06	0.2964	0.009997	-2.702	-2.034	-1.528	10000	5001
	theta[282,1]	1.188	0.1993	0.007764	0.7769	1.189	1.569	10000	5001
	theta[283,1]	-0.7214	0.1783	0.006495	-1.088	-0.7278	-0.3571	10000	5001
	theta[284,1]	-0.2354	0.1714	0.005588	-0.5878	-0.229	0.08765	10000	5001
	theta[285,1]	-0.1321	0.2073	0.007247	-0.5118	-0.1413	0.2949	10000	5001
	theta[286,1]	0.7664	0.2289	0.006424	0.3627	0.758	1.246	10000	5001
	theta[287,1]	0.5368	0.2165	0.007269	0.1145	0.5416	0.953	10000	5001
	theta[288,1]	0.5927	0.1672	0.007316	0.2635	0.5915	0.9323	10000	5001
	theta[289,1]	-0.8564	0.1816	0.00662	-1.239	-0.8515	-0.5168	10000	5001
	theta[290,1]	-1.291	0.1986	0.00736	-1.7	-1.286	-0.9083	10000	5001
	theta[291,1]	-0.5633	0.1744	0.006572	-0.8959	-0.559	-0.2212	10000	5001
	theta[292,1]	0.5081	0.1674	0.006539	0.1934	0.5016	0.8354	10000	5001
	theta[293,1]	-0.6553	0.2097	0.007366	-1.059	-0.6632	-0.2389	10000	5001
	theta[294,1]	-0.1028	0.1587	0.006198	-0.4271	-0.09429	0.1996	10000	5001
	theta[295,1]	-0.5964	0.1772	0.006867	-0.9242	-0.6035	-0.216	10000	5001
	theta[296,1]	0.1379	0.1744	0.005932	-0.2012	0.1413	0.4765	10000	5001
	theta[297,1]	0.3799	0.192	0.005723	0.009132	0.3816	0.7677	10000	5001
	theta[298,1]	0.06469	0.1677	0.00651	-0.2466	0.06137	0.4037	10000	5001
	theta[299,1]	-0.2174	0.1727	0.0061	-0.5522	-0.2174	0.1263	10000	5001
	theta[300,1]	1.801	0.2015	0.008498	1.419	1.798	2.211	10000	5001
	theta[301,1]	0.617	0.1795	0.007107	0.2844	0.6116	0.9657	10000	5001
	theta[302,1]	1.056	0.2217	0.008639	0.6112	1.059	1.472	10000	5001
	theta[303,1]	-0.8094	0.1681	0.00673	-1.142	-0.8056	-0.4816	10000	5001
	theta[304,1]	0.1942	0.1791	0.007177	-0.1571	0.1936	0.559	10000	5001
	theta[305,1]	1.085	0.2301	0.007195	0.6743	1.079	1.541	10000	5001
	theta[306,1]	-0.3326	0.2079	0.006943	-0.7155	-0.3366	0.08957	10000	5001
	theta[307,1]	-1.68	0.2589	0.009626	-2.239	-1.664	-1.207	10000	5001
	theta[308,1]	0.373	0.1777	0.006007	-0.001788	0.3776	0.7093	10000	5001
	theta[309,1]	-1.78	0.2406	0.009312	-2.259	-1.786	-1.322	10000	5001
	theta[310,1]	-0.9318	0.1822	0.006761	-1.312	-0.9285	-0.588	10000	5001
	theta[311,1]	1.545	0.2201	0.008174	1.113	1.549	1.971	10000	5001
	theta[312,1]	0.8556	0.2001	0.007555	0.4711	0.856	1.26	10000	5001
	theta[313,1]	1.138	0.2187	0.006764	0.7181	1.131	1.567	10000	5001
	theta[314,1]	0.5594	0.2172	0.00836	0.1396	0.5524	1.001	10000	5001
	theta[315,1]	-0.2585	0.2076	0.008518	-0.6367	-0.2643	0.1846	10000	5001
	theta[316,1]	-0.8641	0.1827	0.006583	-1.226	-0.8571	-0.5071	10000	5001
	theta[317,1]	1.331	0.2013	0.007139	0.9178	1.337	1.704	10000	5001
	theta[318,1]	0.1828	0.1838	0.00668	-0.1692	0.175	0.5593	10000	5001
	theta[319,1]	-0.2938	0.1705	0.006238	-0.6139	-0.2972	0.03805	10000	5001
	theta[320,1]	0.848	0.1974	0.007645	0.4752	0.8459	1.243	10000	5001
	theta[321,1]	1.139	0.1841	0.007164	0.7719	1.139	1.53	10000	5001
	theta[322,1]	2.163	0.2316	0.01	1.719	2.166	2.639	10000	5001
	theta[323,1]	-0.3419	0.1776	0.006083	-0.6929	-0.3422	0.005315	10000	5001
	theta[324,1]	-0.423	0.1853	0.007181	-0.7879	-0.4278	-0.05539	10000	5001
	theta[325,1]	-0.4974	0.1848	0.006324	-0.8763	-0.4928	-0.1423	10000	5001
	theta[326,1]	-0.4066	0.1785	0.007042	-0.7449	-0.4045	-0.05266	10000	5001
	theta[327,1]	-0.4274	0.1692	0.005709	-0.7483	-0.4257	-0.0775	10000	5001
	theta[328,1]	-0.1467	0.2093	0.006761	-0.5557	-0.1432	0.2611	10000	5001
	theta[329,1]	1.382	0.22	0.007506	0.9504	1.378	1.802	10000	5001
	theta[330,1]	-0.6035	0.1619	0.005496	-0.919	-0.599	-0.2803	10000	5001
	theta[331,1]	-0.5617	0.1736	0.006436	-0.8989	-0.5671	-0.2119	10000	5001
	theta[332,1]	0.3558	0.1707	0.006376	0.01402	0.3512	0.6935	10000	5001
	theta[333,1]	1.191	0.2113	0.008552	0.7686	1.189	1.596	10000	5001
	theta[334,1]	-0.867	0.1813	0.006487	-1.214	-0.8725	-0.5107	10000	5001
	theta[335,1]	-0.467	0.1639	0.005543	-0.7883	-0.4659	-0.1356	10000	5001
	theta[336,1]	0.5319	0.2544	0.009072	0.08929	0.5112	1.079	10000	5001
	theta[337,1]	1.023	0.1889	0.007338	0.6462	1.022	1.401	10000	5001
	theta[338,1]	-0.2016	0.1659	0.005669	-0.5339	-0.1986	0.1226	10000	5001
	theta[339,1]	-1.482	0.2394	0.008849	-1.981	-1.472	-1.049	10000	5001
	theta[340,1]	1.719	0.1996	0.008946	1.331	1.723	2.116	10000	5001
	theta[341,1]	1.634	0.1993	0.00866	1.245	1.638	2.022	10000	5001
	theta[342,1]	-0.804	0.1843	0.005641	-1.177	-0.8055	-0.4453	10000	5001
	theta[343,1]	-0.1094	0.1663	0.006275	-0.4553	-0.1111	0.2157	10000	5001
	theta[344,1]	-1.524	0.2327	0.008432	-1.996	-1.514	-1.089	10000	5001
	theta[345,1]	0.453	0.1668	0.006691	0.1212	0.4551	0.7723	10000	5001
	theta[346,1]	1.507	0.1938	0.007829	1.144	1.501	1.885	10000	5001
	theta[347,1]	-1.552	0.2197	0.007356	-1.99	-1.548	-1.138	10000	5001
	theta[348,1]	-0.8468	0.1887	0.006816	-1.227	-0.8502	-0.4738	10000	5001
	theta[349,1]	-0.6172	0.1673	0.005428	-0.9365	-0.6212	-0.2877	10000	5001
	theta[350,1]	-0.7428	0.1711	0.006916	-1.086	-0.7366	-0.4197	10000	5001
	theta[351,1]	-2.375	0.3319	0.01052	-3.035	-2.359	-1.729	10000	5001
	theta[352,1]	0.1016	0.1776	0.006368	-0.2619	0.09901	0.4363	10000	5001
	theta[353,1]	-1.429	0.2137	0.008278	-1.86	-1.424	-1.024	10000	5001
	theta[354,1]	-0.06902	0.2338	0.008943	-0.5174	-0.06445	0.3847	10000	5001
	theta[355,1]	0.6327	0.1956	0.006683	0.2636	0.6262	1.034	10000	5001
	theta[356,1]	0.08792	0.2553	0.01061	-0.3887	0.09401	0.6288	10000	5001
	theta[357,1]	1.157	0.1818	0.008121	0.8057	1.156	1.525	10000	5001
	theta[358,1]	-0.001554	0.213	0.007226	-0.4218	0.001792	0.4018	10000	5001
	theta[359,1]	-0.7951	0.2021	0.007108	-1.186	-0.7974	-0.3914	10000	5001
	theta[360,1]	0.6869	0.1697	0.006691	0.3618	0.6855	1.024	10000	5001
	theta[361,1]	-0.3251	0.1661	0.006345	-0.6427	-0.33	0.01688	10000	5001
	theta[362,1]	1.578	0.194	0.009202	1.198	1.576	1.978	10000	5001
	theta[363,1]	0.2251	0.1895	0.006857	-0.1829	0.224	0.5881	10000	5001
	theta[364,1]	0.8785	0.1967	0.00718	0.5007	0.8787	1.275	10000	5001
	theta[365,1]	0.1449	0.175	0.006213	-0.2045	0.1476	0.4829	10000	5001
	theta[366,1]	0.1572	2.457	0.1797	-2.881	-1.454	3.123	10000	5001
	theta[367,1]	-1.108	0.1909	0.007248	-1.478	-1.108	-0.7424	10000	5001
	theta[368,1]	-0.3538	0.159	0.005642	-0.6629	-0.3492	-0.04258	10000	5001
	theta[369,1]	0.2144	0.1807	0.006277	-0.1435	0.2087	0.5789	10000	5001
	theta[370,1]	-1.754	0.2637	0.009029	-2.289	-1.74	-1.284	10000	5001
	theta[371,1]	0.9342	0.1997	0.007397	0.5446	0.9358	1.307	10000	5001
	theta[372,1]	-0.3878	0.1824	0.006537	-0.7487	-0.3819	-0.04167	10000	5001
	theta[373,1]	-0.5569	0.1724	0.006797	-0.9008	-0.5578	-0.2237	10000	5001
	theta[374,1]	-1.347	0.2036	0.007625	-1.769	-1.336	-0.9674	10000	5001
	theta[375,1]	-1.169	0.1875	0.00622	-1.559	-1.166	-0.8208	10000	5001
	theta[376,1]	0.04395	0.1752	0.006326	-0.2923	0.04381	0.401	10000	5001
	theta[377,1]	0.5451	0.1677	0.006242	0.1908	0.5467	0.8804	10000	5001
	theta[378,1]	-2.466	0.3385	0.01338	-3.206	-2.435	-1.858	10000	5001
	theta[379,1]	-0.6709	0.2002	0.006265	-1.052	-0.6712	-0.272	10000	5001
	theta[380,1]	0.5139	0.2492	0.008921	0.05633	0.5098	1.021	10000	5001
	theta[381,1]	-0.2425	0.1614	0.006386	-0.5561	-0.2398	0.07357	10000	5001
	theta[382,1]	1.896	0.2077	0.009001	1.488	1.885	2.32	10000	5001
	theta[383,1]	1.123	0.2296	0.007723	0.654	1.134	1.538	10000	5001
	theta[384,1]	0.7283	0.1749	0.006882	0.4044	0.7259	1.083	10000	5001
	theta[385,1]	-0.1004	0.1816	0.005962	-0.452	-0.1037	0.2543	10000	5001
	theta[386,1]	0.436	0.1943	0.007367	0.06959	0.4336	0.846	10000	5001
	theta[387,1]	-0.8425	0.1815	0.007173	-1.202	-0.8435	-0.5044	10000	5001
	theta[388,1]	0.7871	0.1991	0.007235	0.4223	0.7811	1.196	10000	5001
	theta[389,1]	1.425	0.2006	0.007301	1.03	1.438	1.804	10000	5001
	theta[390,1]	1.335	0.2009	0.00781	0.9213	1.341	1.731	10000	5001
	theta[391,1]	-0.9763	0.1753	0.00573	-1.337	-0.9694	-0.6497	10000	5001
	theta[392,1]	-2.18	0.3397	0.01215	-2.919	-2.158	-1.557	10000	5001
	theta[393,1]	0.1545	0.2008	0.007568	-0.2467	0.1545	0.5582	10000	5001
	theta[394,1]	0.1176	0.1724	0.006677	-0.2233	0.1249	0.4411	10000	5001
	theta[395,1]	1.374	0.1808	0.007831	1.032	1.367	1.733	10000	5001
	theta[396,1]	-1.06	0.2051	0.006864	-1.485	-1.044	-0.6741	10000	5001
	theta[397,1]	0.3567	0.1734	0.006551	-0.002989	0.3573	0.7084	10000	5001
	theta[398,1]	0.135	0.1675	0.006062	-0.2101	0.1348	0.4669	10000	5001
	theta[399,1]	1.141	0.199	0.007481	0.7445	1.151	1.513	10000	5001
	theta[400,1]	0.01576	0.1612	0.005781	-0.3125	0.01837	0.3218	10000	5001
	theta[401,1]	-0.1925	0.1707	0.006213	-0.5244	-0.1839	0.1337	10000	5001
	theta[402,1]	-1.39	0.2194	0.008259	-1.853	-1.377	-0.9963	10000	5001
	theta[403,1]	-0.09601	0.2172	0.007342	-0.4992	-0.1074	0.3342	10000	5001
	theta[404,1]	-0.6124	0.1706	0.005562	-0.9484	-0.6156	-0.2755	10000	5001
	theta[405,1]	2.292	0.2378	0.01063	1.844	2.288	2.76	10000	5001
	theta[406,1]	2.322	0.2286	0.01009	1.891	2.317	2.793	10000	5001
	theta[407,1]	-0.2533	0.1872	0.006821	-0.6228	-0.2568	0.1143	10000	5001
	theta[408,1]	-1.038	0.2072	0.006164	-1.483	-1.026	-0.6644	10000	5001
	theta[409,1]	-1.716	0.2869	0.007968	-2.279	-1.705	-1.171	10000	5001
	theta[410,1]	0.6422	0.1938	0.006875	0.2747	0.6356	1.022	10000	5001
	theta[411,1]	-0.8405	0.2251	0.007994	-1.253	-0.857	-0.3711	10000	5001
	theta[412,1]	2.189	0.2261	0.009734	1.76	2.188	2.636	10000	5001
	theta[413,1]	-0.9323	0.1866	0.006532	-1.309	-0.9313	-0.5728	10000	5001
	theta[414,1]	0.131	0.1533	0.005407	-0.1499	0.1327	0.4413	10000	5001
	theta[415,1]	3.302	0.4047	0.01397	2.606	3.266	4.158	10000	5001
	theta[416,1]	-0.9246	0.1961	0.006288	-1.295	-0.9276	-0.5328	10000	5001
	theta[417,1]	0.2346	0.1745	0.006629	-0.1202	0.2456	0.5714	10000	5001
	theta[418,1]	-0.9388	0.1981	0.006751	-1.343	-0.9389	-0.5561	10000	5001
	theta[419,1]	0.214	0.1894	0.007363	-0.1817	0.2233	0.5698	10000	5001
	theta[420,1]	-0.5789	0.1782	0.006029	-0.911	-0.5832	-0.2133	10000	5001
	theta[421,1]	-0.2377	0.171	0.006508	-0.5683	-0.2367	0.1072	10000	5001
	theta[422,1]	-0.1317	0.1914	0.007894	-0.4959	-0.1407	0.2547	10000	5001
	theta[423,1]	-1.13	0.2034	0.006404	-1.523	-1.127	-0.7363	10000	5001
	theta[424,1]	0.2808	0.1825	0.006251	-0.07555	0.2896	0.6492	10000	5001
	theta[425,1]	1.227	0.1873	0.007461	0.8666	1.222	1.59	10000	5001
	theta[426,1]	1.806	0.2016	0.008784	1.426	1.8	2.216	10000	5001
	theta[427,1]	-1.308	0.1969	0.008092	-1.705	-1.305	-0.9403	10000	5001
	theta[428,1]	-0.3545	0.212	0.007018	-0.7382	-0.3627	0.09261	10000	5001
	theta[429,1]	0.9923	0.1985	0.006842	0.6004	0.9891	1.405	10000	5001
	theta[430,1]	-1.087	0.1994	0.006962	-1.5	-1.082	-0.7095	10000	5001
	theta[431,1]	-2.147	0.2952	0.01106	-2.772	-2.138	-1.588	10000	5001
	theta[432,1]	-0.7406	0.1688	0.006237	-1.082	-0.738	-0.4209	10000	5001
	theta[433,1]	-0.9318	0.1774	0.006648	-1.289	-0.9263	-0.5952	10000	5001
	theta[434,1]	0.3035	0.1991	0.007112	-0.0797	0.3098	0.6997	10000	5001
	theta[435,1]	-0.3642	0.1681	0.006856	-0.7025	-0.3586	-0.04867	10000	5001
	theta[436,1]	0.02115	0.1677	0.006687	-0.2912	0.02238	0.3592	10000	5001
	theta[437,1]	-0.4784	0.1742	0.006232	-0.8254	-0.4789	-0.1386	10000	5001
	theta[438,1]	0.5578	0.1981	0.007182	0.1848	0.5484	0.9718	10000	5001
	theta[439,1]	-0.4451	0.1656	0.006989	-0.7643	-0.4398	-0.1202	10000	5001
	theta[440,1]	1.326	0.2396	0.009011	0.8528	1.32	1.801	10000	5001
	theta[441,1]	-0.8669	0.1887	0.006901	-1.214	-0.8764	-0.4766	10000	5001
	theta[442,1]	0.2448	0.2061	0.007743	-0.1757	0.2543	0.638	10000	5001
	theta[443,1]	-1.015	0.1955	0.005893	-1.422	-1.012	-0.6256	10000	5001
	theta[444,1]	0.4379	0.1626	0.006008	0.109	0.4394	0.7705	10000	5001
	theta[445,1]	-0.09074	0.1738	0.006452	-0.4192	-0.09302	0.2629	10000	5001
	theta[446,1]	-1.594	0.265	0.009707	-2.177	-1.58	-1.119	10000	5001
	theta[447,1]	-0.2411	0.1925	0.007197	-0.6159	-0.2441	0.1524	10000	5001
	theta[448,1]	0.9436	0.1856	0.006944	0.5793	0.9487	1.306	10000	5001
	theta[449,1]	0.8333	0.2502	0.009361	0.3487	0.8314	1.3	10000	5001
	theta[450,1]	0.1242	0.1573	0.006203	-0.1945	0.1267	0.4251	10000	5001
	theta[451,1]	-1.365	0.2061	0.007053	-1.805	-1.357	-0.9794	10000	5001
	theta[452,1]	0.9087	0.1786	0.006328	0.5677	0.9101	1.261	10000	5001
	theta[453,1]	0.1456	0.1834	0.007179	-0.235	0.1453	0.4999	10000	5001
	theta[454,1]	-0.4043	0.163	0.006832	-0.7205	-0.4069	-0.08394	10000	5001
	theta[455,1]	1.7	0.2121	0.008557	1.296	1.7	2.11	10000	5001
	theta[456,1]	-0.7873	0.1678	0.006629	-1.118	-0.7826	-0.4667	10000	5001
	theta[457,1]	-0.1254	0.1619	0.006292	-0.4511	-0.1264	0.1862	10000	5001
	theta[458,1]	1.082	0.2286	0.009129	0.6133	1.095	1.477	10000	5001
	theta[459,1]	0.7618	0.1977	0.007438	0.3686	0.7626	1.15	10000	5001
	theta[460,1]	-0.138	0.1633	0.005647	-0.4469	-0.1419	0.1767	10000	5001
	theta[461,1]	-0.2278	0.1872	0.007366	-0.5645	-0.2328	0.1482	10000	5001
	theta[462,1]	0.3575	0.1687	0.006553	0.03259	0.3564	0.7018	10000	5001
	theta[463,1]	0.8165	0.2021	0.00742	0.4255	0.816	1.227	10000	5001
	theta[464,1]	-0.05772	0.1883	0.00742	-0.4214	-0.05853	0.3192	10000	5001
	theta[465,1]	0.8756	0.1868	0.006639	0.5149	0.8763	1.231	10000	5001
	theta[466,1]	-0.456	0.1815	0.006888	-0.811	-0.4598	-0.08483	10000	5001
	theta[467,1]	-0.4211	0.1788	0.007086	-0.7528	-0.4265	-0.05967	10000	5001
	theta[468,1]	0.3976	0.1905	0.00742	0.01646	0.3974	0.7918	10000	5001
	theta[469,1]	-1.637	0.2585	0.009762	-2.198	-1.622	-1.19	10000	5001
	theta[470,1]	0.565	0.1952	0.006818	0.1935	0.552	0.9756	10000	5001
	theta[471,1]	0.5209	0.2028	0.007395	0.1301	0.516	0.9267	10000	5001
	theta[472,1]	-0.5303	0.2134	0.006947	-0.9596	-0.5271	-0.1125	10000	5001
	theta[473,1]	-0.9074	0.1737	0.006395	-1.252	-0.9025	-0.5728	10000	5001
	theta[474,1]	-0.7296	0.1785	0.006924	-1.067	-0.7281	-0.3796	10000	5001
	theta[475,1]	1.492	0.1947	0.006936	1.087	1.501	1.857	10000	5001
	theta[476,1]	-0.6151	0.1652	0.006302	-0.9401	-0.614	-0.2942	10000	5001
	theta[477,1]	-2.438	0.3403	0.01309	-3.131	-2.423	-1.81	10000	5001
	theta[478,1]	0.768	0.2037	0.008108	0.3744	0.7703	1.16	10000	5001
	theta[479,1]	-0.5955	0.1728	0.005744	-0.9218	-0.5955	-0.244	10000	5001
	theta[480,1]	-0.2459	0.1831	0.00599	-0.6312	-0.2398	0.1149	10000	5001
	theta[481,1]	-1.006	0.1869	0.006773	-1.367	-1.005	-0.6536	10000	5001
	theta[482,1]	0.02235	0.1879	0.008235	-0.3324	0.0179	0.3939	10000	5001
	theta[483,1]	0.6845	0.1654	0.006116	0.3661	0.6808	1.018	10000	5001
	theta[484,1]	-0.4538	0.1711	0.006076	-0.7766	-0.4551	-0.09579	10000	5001
	theta[485,1]	-0.5101	0.1719	0.006365	-0.8567	-0.5039	-0.1863	10000	5001
	theta[486,1]	0.8753	0.1875	0.007038	0.5177	0.878	1.231	10000	5001
	theta[487,1]	-0.03641	0.2045	0.005994	-0.4505	-0.03702	0.3577	10000	5001
	theta[488,1]	-0.2683	0.1803	0.006795	-0.6243	-0.2678	0.06841	10000	5001
	theta[489,1]	-0.2008	0.2589	0.00924	-0.6556	-0.2294	0.3406	10000	5001
	theta[490,1]	0.9008	0.1933	0.007421	0.5512	0.8917	1.295	10000	5001
	theta[491,1]	-0.8786	0.1848	0.006592	-1.232	-0.8804	-0.5253	10000	5001
	theta[492,1]	0.8507	0.173	0.006693	0.5109	0.8478	1.204	10000	5001
	theta[493,1]	0.7851	0.1734	0.006913	0.4599	0.7827	1.127	10000	5001
	theta[494,1]	-0.4932	0.1634	0.005609	-0.8033	-0.4933	-0.1743	10000	5001
	theta[495,1]	1.048	0.1728	0.005282	0.7022	1.047	1.388	10000	5001
	theta[496,1]	0.9962	0.183	0.007875	0.6504	0.996	1.356	10000	5001
	theta[497,1]	0.5207	0.1787	0.006025	0.1807	0.5167	0.8813	10000	5001
	theta[498,1]	1.969	0.2115	0.009093	1.566	1.967	2.386	10000	5001
	theta[499,1]	-2.066	0.2791	0.009504	-2.614	-2.053	-1.557	10000	5001
	theta[500,1]	-0.8826	0.1727	0.006453	-1.218	-0.8836	-0.5523	10000	5001
	theta[501,1]	-0.8986	0.1887	0.006323	-1.267	-0.8983	-0.5277	10000	5001
	theta[502,1]	0.34	0.2253	0.008843	-0.04419	0.3176	0.8652	10000	5001
	theta[503,1]	1.589	0.2159	0.008256	1.157	1.595	2.012	10000	5001
	theta[504,1]	1.634	0.1971	0.008613	1.265	1.628	2.033	10000	5001
	theta[505,1]	0.4626	0.1661	0.005653	0.1265	0.4641	0.7871	10000	5001
	theta[506,1]	0.9463	0.1898	0.006917	0.5872	0.9418	1.317	10000	5001
	theta[507,1]	0.01464	0.1822	0.006637	-0.3376	0.01939	0.3791	10000	5001
	theta[508,1]	0.7993	0.1916	0.006808	0.4455	0.7948	1.188	10000	5001
	theta[509,1]	0.2881	0.2278	0.00797	-0.1861	0.295	0.7397	10000	5001
	theta[510,1]	-0.8638	0.1897	0.007022	-1.226	-0.8638	-0.4935	10000	5001
	theta[511,1]	-0.1612	0.1568	0.006413	-0.4845	-0.1583	0.1276	10000	5001
	theta[512,1]	0.3089	0.1853	0.007438	-0.04924	0.3074	0.6797	10000	5001
	theta[513,1]	1.413	0.1986	0.008526	1.024	1.415	1.81	10000	5001
	theta[514,1]	-1.051	0.1939	0.007204	-1.438	-1.043	-0.6847	10000	5001
	theta[515,1]	-1.881	0.253	0.00824	-2.405	-1.868	-1.412	10000	5001
	theta[516,1]	0.8084	0.1826	0.006497	0.4579	0.7975	1.174	10000	5001
	theta[517,1]	-0.9938	0.1784	0.006175	-1.341	-0.9935	-0.6454	10000	5001
	theta[518,1]	0.1555	0.1858	0.006566	-0.2228	0.1593	0.5174	10000	5001
	theta[519,1]	0.8152	0.1728	0.006681	0.4776	0.8146	1.147	10000	5001
	theta[520,1]	-0.6241	0.1707	0.006323	-0.9546	-0.6271	-0.2815	10000	5001
	theta[521,1]	-0.3019	0.1726	0.006087	-0.637	-0.3065	0.03911	10000	5001
	theta[522,1]	1.362	0.1937	0.007362	0.9961	1.362	1.74	10000	5001
	theta[523,1]	0.3654	0.1874	0.007048	-0.01773	0.3734	0.7245	10000	5001
	theta[524,1]	0.6578	0.1955	0.006762	0.2823	0.655	1.043	10000	5001
	theta[525,1]	-0.1316	0.169	0.005455	-0.461	-0.1276	0.1982	10000	5001
	theta[526,1]	-0.9987	0.2066	0.007026	-1.422	-0.9889	-0.6255	10000	5001
	theta[527,1]	-1.667	0.2472	0.008299	-2.167	-1.656	-1.215	10000	5001
	theta[528,1]	-0.1727	0.1626	0.005721	-0.4857	-0.1709	0.1405	10000	5001
	theta[529,1]	1.905	0.208	0.009068	1.519	1.892	2.337	10000	5001
	theta[530,1]	-0.03811	0.2173	0.008169	-0.4569	-0.04641	0.3995	10000	5001
	theta[531,1]	0.3904	0.1932	0.005909	0.04108	0.3793	0.7759	10000	5001
	theta[532,1]	0.3008	0.1876	0.00641	-0.07276	0.3039	0.6732	10000	5001
	theta[533,1]	-0.2337	0.1667	0.005856	-0.5712	-0.2369	0.0888	10000	5001
	theta[534,1]	-1.326	0.2213	0.008051	-1.807	-1.315	-0.9283	10000	5001
	theta[535,1]	2.686	0.289	0.01151	2.143	2.673	3.3	10000	5001
	theta[536,1]	-0.3591	0.1637	0.006709	-0.6826	-0.3569	-0.05206	10000	5001
	theta[537,1]	-0.27	0.188	0.006431	-0.6418	-0.2697	0.09504	10000	5001
	theta[538,1]	-1.869	0.2768	0.01018	-2.432	-1.852	-1.369	10000	5001
	theta[539,1]	-0.1683	0.1753	0.007264	-0.5365	-0.1638	0.1588	10000	5001
	theta[540,1]	-0.2676	0.1889	0.007201	-0.6322	-0.257	0.07509	10000	5001
	theta[541,1]	-0.306	0.161	0.005784	-0.6271	-0.3056	0.01217	10000	5001
	theta[542,1]	-1.829	0.2847	0.009933	-2.421	-1.83	-1.252	10000	5001
	theta[543,1]	1.36	0.2161	0.008323	0.9114	1.36	1.781	10000	5001
	theta[544,1]	1.625	0.2073	0.008469	1.239	1.633	2.014	10000	5001
	theta[545,1]	0.7767	0.1833	0.006839	0.4332	0.7694	1.138	10000	5001
	theta[546,1]	-0.9692	0.1923	0.006657	-1.345	-0.9707	-0.5943	10000	5001
	theta[547,1]	1.092	0.2019	0.007467	0.7166	1.096	1.484	10000	5001
	theta[548,1]	-0.005562	0.1771	0.006345	-0.3493	-0.01623	0.3625	10000	5001
	theta[549,1]	-0.3705	0.1758	0.005887	-0.7141	-0.3721	-0.0207	10000	5001
	theta[550,1]	1.328	0.1974	0.008179	0.9482	1.331	1.728	10000	5001
	theta[551,1]	-1.555	0.2313	0.008327	-2.015	-1.547	-1.106	10000	5001
	theta[552,1]	-0.6327	0.1857	0.007713	-0.9818	-0.6325	-0.2601	10000	5001
	theta[553,1]	-0.3867	0.1711	0.005569	-0.7213	-0.3892	-0.04068	10000	5001
	theta[554,1]	0.2558	0.1667	0.005635	-0.07251	0.2476	0.587	10000	5001
	theta[555,1]	-1.314	0.1956	0.00572	-1.705	-1.307	-0.9343	10000	5001
	theta[556,1]	-0.6364	0.1746	0.006854	-0.984	-0.6371	-0.3038	10000	5001
	theta[557,1]	0.6334	0.1855	0.0067	0.2648	0.6331	0.9871	10000	5001
	theta[558,1]	0.3799	0.2101	0.007953	-0.005142	0.3665	0.8462	10000	5001
	theta[559,1]	-0.9039	0.1836	0.006483	-1.253	-0.9043	-0.5367	10000	5001
	theta[560,1]	0.6485	0.197	0.00677	0.2772	0.6448	1.044	10000	5001
	theta[561,1]	-2.439	0.3321	0.01204	-3.121	-2.418	-1.83	10000	5001
	theta[562,1]	-0.0772	0.1921	0.005931	-0.4453	-0.08657	0.3	10000	5001
	theta[563,1]	0.8805	0.1957	0.007561	0.4676	0.885	1.251	10000	5001
	theta[564,1]	-0.6484	0.1709	0.005933	-0.9931	-0.6478	-0.3254	10000	5001
	theta[565,1]	-0.1444	0.2001	0.007506	-0.5196	-0.1519	0.279	10000	5001
	theta[566,1]	-1.548	0.2199	0.008316	-2.01	-1.538	-1.148	10000	5001
	theta[567,1]	0.9391	0.2089	0.007949	0.5278	0.9338	1.34	10000	5001
	theta[568,1]	-1.638	0.2247	0.009527	-2.118	-1.624	-1.237	10000	5001
	theta[569,1]	-0.1764	0.1675	0.00638	-0.4933	-0.1778	0.1519	10000	5001
	theta[570,1]	-0.2028	0.1921	0.006562	-0.5645	-0.2039	0.1834	10000	5001
	theta[571,1]	-0.1514	0.1771	0.005821	-0.5181	-0.1464	0.1863	10000	5001
	theta[572,1]	-0.4374	0.2192	0.00714	-0.8337	-0.4506	0.0473	10000	5001
	theta[573,1]	2.008	0.2175	0.009722	1.583	2.007	2.441	10000	5001
	theta[574,1]	-1.086	0.1949	0.006757	-1.488	-1.08	-0.7393	10000	5001
	theta[575,1]	0.4729	0.1936	0.006898	0.05635	0.473	0.8697	10000	5001
	theta[576,1]	-2.563	0.3556	0.01251	-3.294	-2.536	-1.891	10000	5001
	theta[577,1]	0.01557	0.2185	0.007412	-0.4067	0.01991	0.433	10000	5001
	theta[578,1]	0.5928	0.2014	0.006672	0.2094	0.5887	0.989	10000	5001
	theta[579,1]	-1.263	0.2192	0.006766	-1.71	-1.245	-0.8665	10000	5001
	theta[580,1]	0.6694	0.168	0.006635	0.3576	0.6688	0.9979	10000	5001
	theta[581,1]	0.2622	0.1904	0.006619	-0.1154	0.2668	0.6267	10000	5001
	theta[582,1]	0.5965	0.1908	0.007386	0.2249	0.5947	0.9782	10000	5001
	theta[583,1]	-0.9941	0.2064	0.008553	-1.461	-0.9775	-0.6419	10000	5001
	theta[584,1]	-0.8653	0.1608	0.005851	-1.188	-0.8601	-0.562	10000	5001
	theta[585,1]	-1.764	0.237	0.008348	-2.279	-1.754	-1.338	10000	5001
	theta[586,1]	-0.2451	0.1921	0.007131	-0.6364	-0.2396	0.1258	10000	5001
	theta[587,1]	-1.362	0.1953	0.006428	-1.743	-1.36	-0.971	10000	5001
	theta[588,1]	1.118	0.2047	0.006682	0.7063	1.125	1.519	10000	5001
	theta[589,1]	0.1941	0.1873	0.00775	-0.1798	0.1967	0.5604	10000	5001
	theta[590,1]	1.572	0.2245	0.009022	1.137	1.56	2.005	10000	5001
	theta[591,1]	-0.8712	0.1808	0.006705	-1.212	-0.8671	-0.5136	10000	5001
	theta[592,1]	1.336	0.21	0.008679	0.9336	1.343	1.728	10000	5001
	theta[593,1]	-0.5304	0.1903	0.008074	-0.9173	-0.5263	-0.1693	10000	5001
	theta[594,1]	-1.363	0.2401	0.008372	-1.886	-1.352	-0.9323	10000	5001
	theta[595,1]	0.5276	0.2142	0.007553	0.1246	0.5217	0.9493	10000	5001
	theta[596,1]	-1.091	0.1886	0.006224	-1.47	-1.087	-0.737	10000	5001
	theta[597,1]	-1.131	0.1807	0.006535	-1.519	-1.115	-0.8081	10000	5001
	theta[598,1]	-0.5393	0.1839	0.007506	-0.8924	-0.5398	-0.1846	10000	5001
	theta[599,1]	0.1893	0.2036	0.007602	-0.1824	0.1814	0.6402	10000	5001
	theta[600,1]	-1.166	0.1904	0.006563	-1.56	-1.166	-0.7975	10000	5001
	theta[601,1]	1.062	0.2011	0.00833	0.6776	1.055	1.472	10000	5001
	theta[602,1]	-0.9493	0.1785	0.006191	-1.301	-0.9436	-0.6033	10000	5001
	theta[603,1]	0.4099	0.1864	0.007094	0.0631	0.4015	0.7976	10000	5001
	theta[604,1]	0.1575	0.1939	0.006922	-0.2409	0.1621	0.5285	10000	5001
	theta[605,1]	-0.9316	0.1834	0.006242	-1.294	-0.9322	-0.5755	10000	5001
	theta[606,1]	-0.336	0.1675	0.006323	-0.6693	-0.3356	-0.01209	10000	5001
	theta[607,1]	-0.7253	0.1808	0.007653	-1.073	-0.7247	-0.3888	10000	5001
	theta[608,1]	0.733	0.2158	0.007993	0.331	0.7257	1.178	10000	5001
	theta[609,1]	1.463	0.2021	0.008644	1.061	1.466	1.855	10000	5001
	theta[610,1]	-0.9264	0.1899	0.006368	-1.308	-0.9186	-0.5713	10000	5001
	theta[611,1]	1.024	0.1962	0.006636	0.6369	1.024	1.411	10000	5001
	theta[612,1]	0.05547	0.1744	0.00687	-0.2788	0.05053	0.4056	10000	5001
	theta[613,1]	-1.698	0.2348	0.008831	-2.181	-1.688	-1.277	10000	5001
	theta[614,1]	-0.7271	0.1753	0.006503	-1.091	-0.7282	-0.3915	10000	5001
	theta[615,1]	0.2946	0.2117	0.006605	-0.1218	0.2969	0.7054	10000	5001
	theta[616,1]	-0.5175	0.2191	0.008105	-0.8837	-0.5391	0.002417	10000	5001
	theta[617,1]	-2.118	0.2903	0.01075	-2.715	-2.108	-1.58	10000	5001
	theta[618,1]	0.3472	0.1934	0.006908	-0.05844	0.3565	0.715	10000	5001
	theta[619,1]	0.1614	0.205	0.006714	-0.2938	0.1832	0.531	10000	5001
	theta[620,1]	-0.1443	0.1669	0.005961	-0.4732	-0.1424	0.1833	10000	5001
	theta[621,1]	-0.5976	0.1868	0.006628	-0.9722	-0.6002	-0.2373	10000	5001
	theta[622,1]	1.878	0.2145	0.009092	1.455	1.878	2.299	10000	5001
	theta[623,1]	0.03278	0.2121	0.007439	-0.3975	0.02982	0.4382	10000	5001
	theta[624,1]	-0.2642	0.1692	0.006188	-0.6045	-0.2599	0.05512	10000	5001
	theta[625,1]	-0.7192	0.1688	0.006337	-1.061	-0.7197	-0.3896	10000	5001
	theta[626,1]	-1.521	0.2711	0.008034	-2.099	-1.501	-1.02	10000	5001
	theta[627,1]	-1.462	0.1989	0.006785	-1.87	-1.452	-1.095	10000	5001
	theta[628,1]	-0.2041	0.158	0.00557	-0.51	-0.2084	0.11	10000	5001
	theta[629,1]	1.314	0.1878	0.008035	0.9348	1.316	1.67	10000	5001
	theta[630,1]	1.326	0.2193	0.008114	0.8867	1.328	1.743	10000	5001
	theta[631,1]	1.607	0.201	0.008274	1.212	1.604	2.017	10000	5001
	theta[632,1]	1.499	0.1981	0.008124	1.114	1.503	1.863	10000	5001
	theta[633,1]	-0.05125	0.2111	0.007392	-0.4478	-0.05342	0.3617	10000	5001
	theta[634,1]	-1.026	0.1837	0.007086	-1.396	-1.02	-0.6842	10000	5001
	theta[635,1]	-0.394	0.1701	0.006056	-0.7254	-0.3948	-0.07179	10000	5001
	theta[636,1]	-2.2	0.3625	0.01173	-2.931	-2.191	-1.526	10000	5001
	theta[637,1]	-0.3612	0.1622	0.005988	-0.6857	-0.3586	-0.04141	10000	5001
	theta[638,1]	1.124	0.3263	0.01066	0.3627	1.178	1.646	10000	5001
	theta[639,1]	0.004488	0.1798	0.006142	-0.3579	0.004149	0.3631	10000	5001
	theta[640,1]	1.291	0.2185	0.008514	0.8919	1.282	1.716	10000	5001
	theta[641,1]	0.8291	0.2464	0.008645	0.3171	0.8448	1.264	10000	5001
	theta[642,1]	-0.6705	0.1715	0.00574	-1.005	-0.6773	-0.3369	10000	5001
	theta[643,1]	1.455	0.1942	0.008936	1.074	1.457	1.839	10000	5001
	theta[644,1]	-0.003638	0.1875	0.006476	-0.3776	-0.001372	0.3561	10000	5001
	theta[645,1]	-0.6439	0.1812	0.006061	-0.9865	-0.6434	-0.2833	10000	5001
	theta[646,1]	-0.1384	0.1873	0.007113	-0.5016	-0.144	0.2381	10000	5001
	theta[647,1]	-1.37	0.2532	0.009016	-1.89	-1.371	-0.9006	10000	5001
	theta[648,1]	0.8764	0.2072	0.008017	0.4843	0.8766	1.306	10000	5001
	theta[649,1]	0.4384	0.172	0.006794	0.1214	0.433	0.7864	10000	5001
	theta[650,1]	-0.2714	0.1842	0.007704	-0.6541	-0.2671	0.06915	10000	5001
	theta[651,1]	-0.2131	0.1988	0.006727	-0.5896	-0.2117	0.187	10000	5001
	theta[652,1]	0.8347	0.1995	0.007374	0.4431	0.8304	1.24	10000	5001
	theta[653,1]	-0.6334	0.1901	0.006371	-1.0	-0.6398	-0.2605	10000	5001
	theta[654,1]	-1.022	0.1803	0.00661	-1.378	-1.017	-0.6728	10000	5001
	theta[655,1]	0.6234	0.2216	0.008332	0.199	0.6321	1.041	10000	5001
	theta[656,1]	-0.5749	0.1908	0.006671	-0.9252	-0.5757	-0.2027	10000	5001
	theta[657,1]	1.137	0.1893	0.008088	0.7889	1.128	1.528	10000	5001
	theta[658,1]	-0.02767	0.1794	0.005776	-0.377	-0.02961	0.3284	10000	5001
	theta[659,1]	0.9223	0.2129	0.008187	0.519	0.9148	1.342	10000	5001
	theta[660,1]	0.3237	0.1759	0.007087	-0.03866	0.3251	0.6568	10000	5001
	theta[661,1]	-2.187	0.3259	0.01083	-2.853	-2.166	-1.559	10000	5001
	theta[662,1]	-1.683	0.2758	0.009971	-2.281	-1.664	-1.21	10000	5001
	theta[663,1]	1.482	0.2174	0.007819	1.022	1.49	1.87	10000	5001
	theta[664,1]	0.5242	0.1742	0.00648	0.1602	0.5209	0.8634	10000	5001
	theta[665,1]	-0.9638	0.1744	0.00642	-1.324	-0.9613	-0.6342	10000	5001
	theta[666,1]	-1.27	0.2113	0.006935	-1.711	-1.264	-0.8695	10000	5001
	theta[667,1]	1.211	0.2229	0.007663	0.7334	1.225	1.611	10000	5001
	theta[668,1]	-0.5005	0.1889	0.006489	-0.8568	-0.5052	-0.1299	10000	5001
	theta[669,1]	1.594	0.2077	0.007219	1.189	1.595	2.004	10000	5001
	theta[670,1]	1.782	0.197	0.008788	1.39	1.778	2.158	10000	5001
	theta[671,1]	-1.237	0.1975	0.007151	-1.657	-1.223	-0.8928	10000	5001
	theta[672,1]	-0.9078	0.2497	0.009511	-1.348	-0.9274	-0.3575	10000	5001
	theta[673,1]	-1.075	0.1839	0.006726	-1.438	-1.075	-0.7221	10000	5001
	theta[674,1]	0.7885	0.1958	0.007712	0.4306	0.7805	1.202	10000	5001
	theta[675,1]	-1.366	0.1997	0.007239	-1.787	-1.357	-0.9933	10000	5001
	theta[676,1]	-1.84	0.2681	0.009344	-2.415	-1.836	-1.342	10000	5001
	theta[677,1]	1.965	0.218	0.01094	1.547	1.951	2.411	10000	5001
	theta[678,1]	1.055	0.2202	0.008482	0.5559	1.073	1.435	10000	5001
	theta[679,1]	0.9222	0.2104	0.006918	0.5089	0.9199	1.342	10000	5001
	theta[680,1]	-0.6555	0.1699	0.006006	-0.9777	-0.6566	-0.317	10000	5001
	theta[681,1]	-0.004033	0.1602	0.005571	-0.3206	-0.009639	0.307	10000	5001
	theta[682,1]	0.5948	0.2153	0.00641	0.192	0.5901	1.02	10000	5001
	theta[683,1]	-1.196	0.1996	0.006156	-1.604	-1.192	-0.827	10000	5001
	theta[684,1]	-0.04798	0.1601	0.00528	-0.3726	-0.04421	0.2645	10000	5001
	theta[685,1]	0.4341	0.1793	0.007249	0.08497	0.4339	0.7902	10000	5001
	theta[686,1]	1.828	0.2068	0.009412	1.445	1.823	2.269	10000	5001
	theta[687,1]	0.6669	0.2176	0.007145	0.2581	0.6621	1.083	10000	5001
	theta[688,1]	1.205	0.1871	0.007003	0.8428	1.209	1.558	10000	5001
	theta[689,1]	0.09147	0.1758	0.00644	-0.2332	0.0908	0.4543	10000	5001
	theta[690,1]	-0.673	0.1713	0.006145	-1.016	-0.6722	-0.3364	10000	5001
	theta[691,1]	-0.4815	0.1816	0.007112	-0.833	-0.4861	-0.1289	10000	5001
	theta[692,1]	-1.399	0.201	0.007881	-1.802	-1.394	-1.007	10000	5001
	theta[693,1]	0.7029	0.2011	0.006198	0.2981	0.7026	1.092	10000	5001
	theta[694,1]	1.262	0.1889	0.007564	0.9068	1.259	1.636	10000	5001
	theta[695,1]	0.1036	0.1936	0.007008	-0.2666	0.1059	0.4918	10000	5001
	theta[696,1]	-1.548	0.2612	0.008837	-2.117	-1.531	-1.073	10000	5001
	theta[697,1]	1.053	0.2032	0.006872	0.6559	1.054	1.445	10000	5001
	theta[698,1]	0.2189	0.1838	0.00635	-0.1339	0.2163	0.5864	10000	5001
	theta[699,1]	-0.4782	0.1713	0.006438	-0.8224	-0.4827	-0.1499	10000	5001
	theta[700,1]	0.814	0.1892	0.006655	0.4729	0.8093	1.19	10000	5001
	theta[701,1]	-0.5383	0.1864	0.005887	-0.8898	-0.5404	-0.1694	10000	5001
	theta[702,1]	0.741	0.2311	0.007543	0.2978	0.7306	1.205	10000	5001
	theta[703,1]	-0.5116	0.1751	0.006466	-0.8451	-0.5183	-0.1654	10000	5001
	theta[704,1]	0.5032	0.2025	0.006263	0.1148	0.5041	0.9146	10000	5001
	theta[705,1]	0.6037	0.2434	0.008941	0.1586	0.5916	1.109	10000	5001
	theta[706,1]	-1.396	0.2052	0.006689	-1.811	-1.389	-1.024	10000	5001
	theta[707,1]	0.4764	0.1898	0.006698	0.1021	0.4771	0.864	10000	5001
	theta[708,1]	0.06	0.1846	0.006587	-0.3194	0.06409	0.3958	10000	5001
	theta[709,1]	0.4667	0.1769	0.006809	0.12	0.4643	0.8044	10000	5001
	theta[710,1]	-1.073	0.2065	0.008122	-1.51	-1.061	-0.7158	10000	5001
	theta[711,1]	-0.05332	0.1593	0.00704	-0.3562	-0.04843	0.2578	10000	5001
	theta[712,1]	1.232	0.1791	0.007443	0.8828	1.225	1.589	10000	5001
	theta[713,1]	0.2018	0.1619	0.005981	-0.1136	0.1992	0.5156	10000	5001
	theta[714,1]	0.7967	0.1925	0.006786	0.4351	0.7975	1.171	10000	5001
	theta[715,1]	-0.669	0.1906	0.006146	-1.029	-0.6691	-0.2875	10000	5001
	theta[716,1]	-0.658	0.1616	0.005864	-0.9867	-0.6598	-0.3552	10000	5001
	theta[717,1]	0.1177	0.1801	0.00695	-0.23	0.1127	0.4707	10000	5001
	theta[718,1]	-1.075	0.1824	0.007013	-1.445	-1.072	-0.7444	10000	5001
	theta[719,1]	-2.353	0.3042	0.013	-2.972	-2.332	-1.771	10000	5001
	theta[720,1]	0.7189	0.2584	0.008223	0.2326	0.7189	1.232	10000	5001
	theta[721,1]	-1.218	0.1933	0.006797	-1.611	-1.213	-0.8447	10000	5001
	theta[722,1]	-1.45	0.2149	0.007323	-1.894	-1.44	-1.058	10000	5001
	theta[723,1]	0.632	0.1738	0.006468	0.2947	0.626	0.9794	10000	5001
	theta[724,1]	-0.1669	0.1677	0.006753	-0.4951	-0.1673	0.1676	10000	5001
	theta[725,1]	-0.8196	0.1734	0.006429	-1.155	-0.82	-0.4795	10000	5001
	theta[726,1]	-0.4278	0.1748	0.006154	-0.7586	-0.4309	-0.08633	10000	5001
	theta[727,1]	-0.7815	0.178	0.006026	-1.153	-0.7759	-0.4439	10000	5001
	theta[728,1]	0.8896	0.1698	0.006088	0.5548	0.8872	1.244	10000	5001
	theta[729,1]	0.8394	0.2077	0.007122	0.4553	0.8326	1.262	10000	5001
	theta[730,1]	-1.964	0.3024	0.01009	-2.572	-1.961	-1.386	10000	5001
	theta[731,1]	0.315	0.1738	0.005857	-0.02779	0.316	0.6737	10000	5001
	theta[732,1]	1.131	0.1938	0.007018	0.7436	1.133	1.507	10000	5001
	theta[733,1]	0.4227	0.2357	0.008997	-0.01195	0.4132	0.9334	10000	5001
	theta[734,1]	-2.296	0.3241	0.01089	-2.959	-2.277	-1.692	10000	5001
	theta[735,1]	-0.3074	0.1586	0.005835	-0.6197	-0.3086	0.01189	10000	5001
	theta[736,1]	1.654	0.2199	0.008933	1.219	1.655	2.097	10000	5001
	theta[737,1]	0.8407	0.1907	0.006878	0.4556	0.8403	1.212	10000	5001
	theta[738,1]	-1.633	0.2341	0.007275	-2.105	-1.631	-1.198	10000	5001
	theta[739,1]	-1.883	0.2481	0.008933	-2.387	-1.877	-1.408	10000	5001
	theta[740,1]	0.52	0.1788	0.007	0.1638	0.5173	0.8885	10000	5001
	theta[741,1]	-0.3127	0.1745	0.006428	-0.661	-0.3087	0.02424	10000	5001
	theta[742,1]	0.9052	0.1978	0.007173	0.5179	0.9053	1.295	10000	5001
	theta[743,1]	0.2516	0.1939	0.00703	-0.1295	0.2566	0.6287	10000	5001
	theta[744,1]	0.2418	0.1785	0.006658	-0.09835	0.2373	0.6193	10000	5001
	theta[745,1]	0.05612	0.2101	0.007291	-0.3831	0.06958	0.4335	10000	5001
	theta[746,1]	-0.1446	0.1684	0.006109	-0.4797	-0.143	0.1812	10000	5001
	theta[747,1]	-1.059	0.1869	0.005764	-1.428	-1.057	-0.7027	10000	5001
	theta[748,1]	2.241	0.2312	0.00937	1.83	2.224	2.711	10000	5001
	theta[749,1]	-0.9642	0.1868	0.006585	-1.358	-0.9526	-0.617	10000	5001
	theta[750,1]	0.05065	0.1635	0.005937	-0.2651	0.04775	0.3788	10000	5001
	theta[751,1]	-0.3469	0.1853	0.007277	-0.689	-0.352	0.0398	10000	5001
	theta[752,1]	1.68	0.2025	0.008139	1.295	1.676	2.103	10000	5001
	theta[753,1]	0.9112	0.1809	0.007067	0.5567	0.9158	1.258	10000	5001
	theta[754,1]	-0.4854	0.1692	0.006444	-0.8095	-0.4827	-0.153	10000	5001
	theta[755,1]	0.2028	0.2169	0.007894	-0.2205	0.211	0.6217	10000	5001
	theta[756,1]	1.008	0.1818	0.008042	0.6647	1.007	1.371	10000	5001
	theta[757,1]	2.236	0.2386	0.01015	1.793	2.227	2.723	10000	5001
	theta[758,1]	0.3752	0.1956	0.007484	-0.01906	0.3693	0.7531	10000	5001
	theta[759,1]	-0.9928	0.1991	0.007157	-1.405	-0.9901	-0.6056	10000	5001
	theta[760,1]	-0.7902	0.1835	0.006244	-1.158	-0.7796	-0.4521	10000	5001
	theta[761,1]	1.647	0.2094	0.008848	1.232	1.651	2.036	10000	5001
	theta[762,1]	-1.75	0.2691	0.01081	-2.301	-1.742	-1.264	10000	5001
	theta[763,1]	3.136	0.3674	0.01249	2.473	3.109	3.921	10000	5001
	theta[764,1]	0.1176	0.1958	0.006562	-0.2612	0.1178	0.4935	10000	5001
	theta[765,1]	-0.3214	0.1738	0.006171	-0.6537	-0.3233	0.02479	10000	5001
	theta[766,1]	0.2811	0.1693	0.005899	-0.03307	0.2771	0.6199	10000	5001
	theta[767,1]	1.074	0.2133	0.007538	0.6367	1.089	1.477	10000	5001
	theta[768,1]	0.4993	0.1768	0.006409	0.1699	0.4971	0.8585	10000	5001
	theta[769,1]	-2.072	0.2921	0.01138	-2.677	-2.053	-1.531	10000	5001
	theta[770,1]	0.1667	0.1632	0.006121	-0.1427	0.1652	0.4834	10000	5001
	theta[771,1]	0.3978	0.1827	0.006466	0.03769	0.403	0.7489	10000	5001
	theta[772,1]	0.7596	0.2012	0.007868	0.3739	0.7576	1.158	10000	5001
	theta[773,1]	-0.8901	0.1691	0.006096	-1.234	-0.8879	-0.5683	10000	5001
	theta[774,1]	-2.15	0.3135	0.009075	-2.79	-2.14	-1.563	10000	5001
	theta[775,1]	-0.1438	0.1754	0.006683	-0.4933	-0.1426	0.213	10000	5001
	theta[776,1]	-1.055	0.1827	0.006956	-1.424	-1.046	-0.7177	10000	5001
	theta[777,1]	-0.9985	0.193	0.006516	-1.405	-0.9912	-0.6273	10000	5001
	theta[778,1]	-0.6854	0.1599	0.005494	-0.9894	-0.6857	-0.3718	10000	5001
	theta[779,1]	-0.5764	0.1742	0.005968	-0.9145	-0.5757	-0.2473	10000	5001
	theta[780,1]	-0.06899	0.1776	0.006362	-0.4381	-0.05936	0.2804	10000	5001
	theta[781,1]	0.7614	0.18	0.006975	0.4153	0.7644	1.136	10000	5001
	theta[782,1]	0.9127	0.1677	0.00675	0.5872	0.9191	1.245	10000	5001
	theta[783,1]	-0.6903	0.1734	0.007227	-1.011	-0.6926	-0.3582	10000	5001
	theta[784,1]	-0.3517	0.1932	0.007084	-0.7045	-0.3565	0.08809	10000	5001
	theta[785,1]	0.3359	0.1833	0.006331	-0.02528	0.333	0.7184	10000	5001
	theta[786,1]	1.357	0.1815	0.007164	0.995	1.357	1.725	10000	5001
	theta[787,1]	0.00401	0.2117	0.007112	-0.3809	0.002019	0.4245	10000	5001
	theta[788,1]	-1.835	0.2473	0.009253	-2.358	-1.834	-1.394	10000	5001
	theta[789,1]	0.3206	0.166	0.005705	0.01331	0.3157	0.6494	10000	5001
	theta[790,1]	-0.2473	0.175	0.005882	-0.5862	-0.2493	0.09412	10000	5001
	theta[791,1]	1.574	0.2091	0.009369	1.176	1.576	1.975	10000	5001
	theta[792,1]	0.08546	0.1785	0.007136	-0.2657	0.08923	0.4422	10000	5001
	theta[793,1]	-0.3041	0.1741	0.006245	-0.6428	-0.3055	0.02761	10000	5001
	theta[794,1]	-0.1181	0.2785	0.009105	-0.6073	-0.1509	0.4686	10000	5001
	theta[795,1]	-0.1745	0.1847	0.007332	-0.5959	-0.1713	0.1671	10000	5001
	theta[796,1]	0.3392	0.1929	0.006396	-0.0402	0.3367	0.7342	10000	5001
	theta[797,1]	-0.1517	0.1781	0.006878	-0.486	-0.1575	0.1947	10000	5001
	theta[798,1]	0.8164	0.1794	0.006874	0.4863	0.8126	1.17	10000	5001
	theta[799,1]	0.1775	0.2864	0.01058	-0.4628	0.2064	0.7164	10000	5001
	theta[800,1]	-0.2174	0.1725	0.006288	-0.5732	-0.2128	0.1019	10000	5001
	theta[801,1]	-0.9594	0.1866	0.006183	-1.339	-0.9566	-0.6044	10000	5001
	theta[802,1]	0.443	0.2488	0.008912	-0.02501	0.429	0.992	10000	5001
	theta[803,1]	-0.002818	0.1818	0.006581	-0.3535	-0.003054	0.3694	10000	5001
	theta[804,1]	0.2914	0.1706	0.006196	-0.02926	0.288	0.6283	10000	5001
	theta[805,1]	0.9351	0.1962	0.007259	0.5608	0.9294	1.308	10000	5001
	theta[806,1]	1.868	0.2204	0.00914	1.432	1.864	2.314	10000	5001
	theta[807,1]	-1.129	0.1896	0.005897	-1.54	-1.118	-0.7835	10000	5001
	theta[808,1]	1.165	0.2325	0.008095	0.7142	1.176	1.62	10000	5001
	theta[809,1]	-1.143	0.1857	0.006413	-1.517	-1.143	-0.7851	10000	5001
	theta[810,1]	0.07207	0.1833	0.006926	-0.2774	0.06997	0.4375	10000	5001
	theta[811,1]	0.0547	0.1753	0.00594	-0.3061	0.05744	0.4083	10000	5001
	theta[812,1]	-0.03252	0.1683	0.005266	-0.3601	-0.02864	0.2867	10000	5001
	theta[813,1]	1.303	0.1988	0.007052	0.9068	1.301	1.651	10000	5001
	theta[814,1]	-0.4114	0.1636	0.006131	-0.7231	-0.4132	-0.08984	10000	5001
	theta[815,1]	0.5314	0.1908	0.006828	0.1706	0.5239	0.9168	10000	5001
	theta[816,1]	0.2585	0.17	0.005636	-0.09532	0.2613	0.5814	10000	5001
	theta[817,1]	-0.6801	0.1781	0.006663	-1.027	-0.6839	-0.337	10000	5001
	theta[818,1]	1.172	0.1845	0.006701	0.8022	1.175	1.521	10000	5001
	theta[819,1]	-1.895	0.3052	0.0103	-2.472	-1.91	-1.25	10000	5001
	theta[820,1]	-0.5235	0.1765	0.006467	-0.8573	-0.52	-0.1593	10000	5001
	theta[821,1]	-1.472	0.2251	0.008223	-1.924	-1.471	-1.038	10000	5001
	theta[822,1]	-0.06656	0.1592	0.005917	-0.378	-0.06739	0.2577	10000	5001
	theta[823,1]	0.1147	0.1594	0.006322	-0.1963	0.1125	0.4224	10000	5001
	theta[824,1]	-1.177	0.1903	0.007438	-1.564	-1.168	-0.8048	10000	5001
	theta[825,1]	0.6929	0.1672	0.006804	0.3608	0.691	1.03	10000	5001
	theta[826,1]	-0.6361	0.1716	0.005904	-0.9719	-0.6413	-0.2834	10000	5001
	theta[827,1]	0.8685	0.1923	0.007646	0.5057	0.8641	1.26	10000	5001
	theta[828,1]	0.6443	0.1753	0.006623	0.3141	0.6459	0.9838	10000	5001
	theta[829,1]	0.4325	0.1822	0.0065	0.09361	0.4289	0.7969	10000	5001
	theta[830,1]	-1.047	0.2262	0.007505	-1.55	-1.028	-0.6681	10000	5001
	theta[831,1]	0.05937	0.1824	0.00581	-0.2906	0.06134	0.4131	10000	5001
	theta[832,1]	-0.1763	0.1774	0.006595	-0.5165	-0.1793	0.1993	10000	5001
	theta[833,1]	-1.419	0.2102	0.007458	-1.865	-1.408	-1.037	10000	5001
	theta[834,1]	0.2238	0.1618	0.006338	-0.08133	0.2183	0.5466	10000	5001
	theta[835,1]	1.8	0.2024	0.00877	1.405	1.805	2.18	10000	5001
	theta[836,1]	-0.7256	0.1853	0.007226	-1.08	-0.7237	-0.3649	10000	5001
	theta[837,1]	-0.2687	0.1838	0.005328	-0.6207	-0.2727	0.108	10000	5001
	theta[838,1]	0.6198	0.1844	0.006915	0.2592	0.6155	0.9775	10000	5001
	theta[839,1]	-0.1057	0.1842	0.006015	-0.4667	-0.1072	0.2541	10000	5001
	theta[840,1]	1.847	0.2129	0.009943	1.436	1.843	2.264	10000	5001
	theta[841,1]	0.6316	0.2055	0.007428	0.2358	0.6283	1.047	10000	5001
	theta[842,1]	1.925	0.2137	0.007538	1.513	1.921	2.362	10000	5001
	theta[843,1]	0.3876	0.1831	0.0074	0.03062	0.3913	0.7443	10000	5001
	theta[844,1]	-0.85	0.198	0.007736	-1.228	-0.8474	-0.4597	10000	5001
	theta[845,1]	0.2284	0.1645	0.006278	-0.104	0.2303	0.5421	10000	5001
	theta[846,1]	-0.8672	0.1767	0.005874	-1.208	-0.8721	-0.5239	10000	5001
	theta[847,1]	-1.212	0.1977	0.007558	-1.597	-1.215	-0.83	10000	5001
	theta[848,1]	-0.01457	0.1562	0.005969	-0.3386	-0.01319	0.2834	10000	5001
	theta[849,1]	0.7997	0.2096	0.008086	0.391	0.7902	1.249	10000	5001
	theta[850,1]	0.2818	0.1618	0.005733	-0.02192	0.2741	0.6063	10000	5001
	theta[851,1]	0.7474	0.2575	0.009287	0.2627	0.7386	1.273	10000	5001
	theta[852,1]	0.8999	0.2019	0.007577	0.5157	0.902	1.316	10000	5001
	theta[853,1]	-0.2392	0.1957	0.006021	-0.5929	-0.2514	0.1564	10000	5001
	theta[854,1]	-2.12	0.3057	0.009677	-2.74	-2.11	-1.538	10000	5001
	theta[855,1]	1.1	0.2314	0.007881	0.6395	1.098	1.541	10000	5001
	theta[856,1]	2.211	0.2346	0.009288	1.756	2.198	2.695	10000	5001
	theta[857,1]	0.07463	0.2164	0.007538	-0.35	0.07522	0.4913	10000	5001
	theta[858,1]	-1.004	0.1789	0.006093	-1.365	-0.9936	-0.6671	10000	5001
	theta[859,1]	-0.3318	0.1649	0.005881	-0.6776	-0.3335	-0.01664	10000	5001
	theta[860,1]	-0.774	0.1765	0.006748	-1.12	-0.7668	-0.4353	10000	5001
	theta[861,1]	-0.1537	0.1691	0.00599	-0.4967	-0.1513	0.1664	10000	5001
	theta[862,1]	0.3668	0.1657	0.006178	0.03508	0.3662	0.6818	10000	5001
	theta[863,1]	0.8839	0.1875	0.007714	0.5174	0.8815	1.249	10000	5001
	theta[864,1]	0.2123	0.1648	0.00524	-0.1161	0.2144	0.5339	10000	5001
	theta[865,1]	-0.7316	0.1763	0.006215	-1.083	-0.7337	-0.3973	10000	5001
	theta[866,1]	0.6251	0.2261	0.007468	0.202	0.607	1.104	10000	5001
	theta[867,1]	1.281	0.2225	0.009015	0.8237	1.286	1.684	10000	5001
	theta[868,1]	2.166	0.2217	0.009514	1.766	2.157	2.606	10000	5001
	theta[869,1]	-0.6442	0.1758	0.00565	-0.9784	-0.6411	-0.2916	10000	5001
	theta[870,1]	0.3208	0.1659	0.006118	-8.739E-4	0.322	0.6333	10000	5001
	theta[871,1]	1.239	0.2075	0.008233	0.8109	1.248	1.635	10000	5001
	theta[872,1]	-0.2641	0.1566	0.005401	-0.5771	-0.2581	0.03595	10000	5001
	theta[873,1]	0.4388	0.1891	0.007371	0.06657	0.4396	0.8195	10000	5001
	theta[874,1]	0.1166	0.2281	0.008149	-0.3495	0.1316	0.5409	10000	5001
	theta[875,1]	-0.3393	0.1733	0.006002	-0.6692	-0.339	0.00461	10000	5001
	theta[876,1]	0.1035	0.1654	0.006803	-0.2211	0.1052	0.4246	10000	5001
	theta[877,1]	1.131	0.2071	0.007979	0.7127	1.137	1.525	10000	5001
	theta[878,1]	0.2489	0.2113	0.007449	-0.2009	0.2603	0.6396	10000	5001
	theta[879,1]	-0.4531	0.1737	0.007298	-0.7957	-0.4585	-0.112	10000	5001
	theta[880,1]	-2.004	0.3577	0.01243	-2.763	-1.974	-1.401	10000	5001
	theta[881,1]	-0.7806	0.1856	0.006478	-1.159	-0.7795	-0.4355	10000	5001
	theta[882,1]	0.1037	0.2039	0.007525	-0.3069	0.1103	0.4911	10000	5001
	theta[883,1]	-1.633	0.303	0.01074	-2.368	-1.603	-1.125	10000	5001
	theta[884,1]	1.738	0.2008	0.008082	1.348	1.735	2.129	10000	5001
	theta[885,1]	-1.081	0.2171	0.007593	-1.55	-1.071	-0.6788	10000	5001
	theta[886,1]	-1.062	0.1892	0.007677	-1.418	-1.061	-0.6857	10000	5001
	theta[887,1]	1.253	0.2018	0.007295	0.8583	1.26	1.64	10000	5001
	theta[888,1]	-1.634	0.2884	0.008115	-2.223	-1.626	-1.092	10000	5001
	theta[889,1]	0.9176	0.2452	0.00786	0.4385	0.9127	1.392	10000	5001
	theta[890,1]	-0.3456	0.1906	0.00668	-0.7041	-0.3453	0.03504	10000	5001
	theta[891,1]	0.5	0.1684	0.006762	0.1633	0.4993	0.8337	10000	5001
	theta[892,1]	0.6799	0.2085	0.007116	0.2499	0.6895	1.06	10000	5001
	theta[893,1]	-0.9721	0.2248	0.008447	-1.455	-0.9633	-0.5291	10000	5001
	theta[894,1]	-0.6701	0.1835	0.00703	-1.03	-0.6708	-0.3102	10000	5001
	theta[895,1]	-2.415	0.3605	0.01214	-3.136	-2.415	-1.698	10000	5001
	theta[896,1]	-0.7088	0.1907	0.00639	-1.088	-0.7059	-0.3238	10000	5001
	theta[897,1]	0.2613	0.1824	0.00723	-0.0879	0.2641	0.5986	10000	5001
	theta[898,1]	0.4463	0.1626	0.005951	0.1316	0.4472	0.7732	10000	5001
	theta[899,1]	1.937	0.2107	0.009647	1.531	1.94	2.342	10000	5001
	theta[900,1]	0.1693	0.17	0.006689	-0.1665	0.1729	0.4881	10000	5001
	theta[901,1]	0.5958	0.1897	0.006221	0.231	0.5945	0.9722	10000	5001
	theta[902,1]	0.2972	0.2066	0.006808	-0.1046	0.2992	0.6884	10000	5001
	theta[903,1]	-0.6031	0.2545	0.008212	-1.066	-0.6124	-0.09761	10000	5001
	theta[904,1]	0.4709	0.1697	0.005731	0.1532	0.4703	0.8134	10000	5001
	theta[905,1]	0.5776	0.1806	0.00625	0.2342	0.573	0.9315	10000	5001
	theta[906,1]	0.1376	0.1941	0.007508	-0.2483	0.145	0.5073	10000	5001
	theta[907,1]	-0.6574	0.1804	0.006691	-1.017	-0.659	-0.3037	10000	5001
	theta[908,1]	-0.2917	0.1809	0.006637	-0.6568	-0.2863	0.05234	10000	5001
	theta[909,1]	0.902	0.2041	0.007602	0.5095	0.9001	1.296	10000	5001
	theta[910,1]	0.4811	0.1743	0.006743	0.1303	0.4758	0.8253	10000	5001
	theta[911,1]	-0.3876	0.1752	0.007372	-0.7412	-0.3922	-0.02733	10000	5001
	theta[912,1]	-0.6135	0.1731	0.006729	-0.9449	-0.6088	-0.268	10000	5001
	theta[913,1]	0.6247	0.1779	0.005772	0.2906	0.621	0.984	10000	5001
	theta[914,1]	1.004	0.2027	0.008084	0.6111	1.006	1.385	10000	5001
	theta[915,1]	0.1959	0.1757	0.006925	-0.1493	0.194	0.5575	10000	5001
	theta[916,1]	-0.04932	0.1679	0.006476	-0.3828	-0.05127	0.2773	10000	5001
	theta[917,1]	-0.7546	0.196	0.007871	-1.126	-0.7609	-0.3634	10000	5001
	theta[918,1]	-0.09802	0.163	0.006088	-0.4129	-0.09559	0.2334	10000	5001
	theta[919,1]	-1.187	0.198	0.007187	-1.593	-1.19	-0.8289	10000	5001
	theta[920,1]	-0.4563	0.1728	0.006504	-0.781	-0.4594	-0.1011	10000	5001
	theta[921,1]	1.02	0.1912	0.008205	0.6313	1.02	1.383	10000	5001
	theta[922,1]	1.281	0.2246	0.009074	0.831	1.298	1.691	10000	5001
	theta[923,1]	-0.858	0.1806	0.006514	-1.218	-0.8483	-0.5053	10000	5001
	theta[924,1]	0.1072	0.1711	0.007339	-0.2339	0.1065	0.4504	10000	5001
	theta[925,1]	0.1922	0.1874	0.006156	-0.1591	0.1911	0.5822	10000	5001
	theta[926,1]	-1.595	0.2305	0.00966	-2.057	-1.587	-1.162	10000	5001
	theta[927,1]	0.5963	0.2129	0.008417	0.18	0.5995	1.018	10000	5001
	theta[928,1]	-1.819	0.2337	0.009164	-2.314	-1.818	-1.371	10000	5001
	theta[929,1]	-1.088	0.1882	0.007209	-1.46	-1.084	-0.7297	10000	5001
	theta[930,1]	0.6239	0.1763	0.005543	0.2777	0.6211	0.9907	10000	5001
	theta[931,1]	-0.6164	0.1819	0.00611	-0.9552	-0.6204	-0.2405	10000	5001
	theta[932,1]	-0.07351	0.2204	0.007886	-0.4767	-0.07635	0.3538	10000	5001
	theta[933,1]	-1.38	0.2147	0.006693	-1.823	-1.372	-0.9686	10000	5001
	theta[934,1]	-1.457	0.203	0.007684	-1.862	-1.458	-1.064	10000	5001
	theta[935,1]	0.359	0.1804	0.006844	0.01745	0.3516	0.7292	10000	5001
	theta[936,1]	-0.1768	0.1723	0.005692	-0.526	-0.1707	0.1648	10000	5001
	theta[937,1]	-0.3846	0.179	0.006229	-0.7346	-0.3851	-0.04376	10000	5001
	theta[938,1]	-1.618	0.2534	0.007175	-2.136	-1.619	-1.124	10000	5001
	theta[939,1]	-0.9693	0.1826	0.006616	-1.331	-0.9589	-0.6149	10000	5001
	theta[940,1]	1.943	0.2072	0.008321	1.551	1.941	2.358	10000	5001
	theta[941,1]	-0.2208	0.1576	0.005961	-0.534	-0.215	0.08244	10000	5001
	theta[942,1]	0.8808	0.1828	0.006662	0.5399	0.8758	1.232	10000	5001
	theta[943,1]	1.049	0.1752	0.007908	0.7164	1.049	1.412	10000	5001
	theta[944,1]	0.55	0.1839	0.008314	0.1956	0.5475	0.9161	10000	5001
	theta[945,1]	0.3828	0.2313	0.007662	-0.02609	0.3626	0.8796	10000	5001
	theta[946,1]	-1.104	0.1944	0.007118	-1.498	-1.098	-0.7469	10000	5001
	theta[947,1]	-1.067	0.183	0.007214	-1.424	-1.064	-0.7117	10000	5001
	theta[948,1]	0.7303	0.2348	0.007914	0.2721	0.7339	1.176	10000	5001
	theta[949,1]	-1.294	0.22	0.008816	-1.734	-1.291	-0.8616	10000	5001
	theta[950,1]	0.7086	0.1834	0.007458	0.3524	0.711	1.085	10000	5001
	theta[951,1]	-0.4669	0.1822	0.006584	-0.8129	-0.4681	-0.1229	10000	5001
	theta[952,1]	-0.1732	0.1611	0.006178	-0.4989	-0.1692	0.1371	10000	5001
	theta[953,1]	-0.4165	0.1875	0.006102	-0.791	-0.4133	-0.02802	10000	5001
	theta[954,1]	-0.1629	0.1555	0.005947	-0.4653	-0.1609	0.1256	10000	5001
	theta[955,1]	1.026	0.208	0.008189	0.6276	1.022	1.453	10000	5001
	theta[956,1]	0.2422	0.1651	0.006745	-0.08573	0.249	0.5613	10000	5001
	theta[957,1]	0.06212	0.1736	0.006482	-0.272	0.06581	0.3973	10000	5001
	theta[958,1]	0.9965	0.185	0.005896	0.6488	0.9874	1.355	10000	5001
	theta[959,1]	1.54	0.2256	0.009099	1.103	1.542	1.965	10000	5001
	theta[960,1]	0.1351	0.1918	0.006856	-0.2448	0.1382	0.5087	10000	5001
	theta[961,1]	0.6413	0.1624	0.006275	0.3157	0.6384	0.959	10000	5001
	theta[962,1]	0.2485	0.1826	0.007236	-0.1295	0.2526	0.5875	10000	5001
	theta[963,1]	-1.11	0.1925	0.007514	-1.506	-1.101	-0.75	10000	5001
	theta[964,1]	-0.7517	0.1731	0.006713	-1.09	-0.7511	-0.3996	10000	5001
	theta[965,1]	1.344	0.2063	0.008172	0.9249	1.35	1.751	10000	5001
	theta[966,1]	0.8296	0.1936	0.007263	0.4447	0.828	1.197	10000	5001
	theta[967,1]	0.4443	0.1781	0.006469	0.09563	0.4392	0.8005	10000	5001
	theta[968,1]	0.04032	0.1923	0.007575	-0.3299	0.03687	0.4195	10000	5001
	theta[969,1]	0.6611	0.1803	0.007692	0.3141	0.6577	1.019	10000	5001
	theta[970,1]	0.05313	0.1728	0.006435	-0.2612	0.05184	0.3967	10000	5001
	theta[971,1]	-0.1467	0.1585	0.006041	-0.4532	-0.1457	0.1603	10000	5001
	theta[972,1]	0.2729	0.229	0.008622	-0.2597	0.2894	0.6704	10000	5001
	theta[973,1]	-1.251	0.2006	0.008327	-1.645	-1.243	-0.8587	10000	5001
	theta[974,1]	2.28	0.2311	0.008827	1.831	2.277	2.745	10000	5001
	theta[975,1]	0.8551	0.225	0.007598	0.4401	0.8539	1.307	10000	5001
	theta[976,1]	-0.008051	0.1662	0.006808	-0.3332	-0.008641	0.326	10000	5001
	theta[977,1]	0.9085	0.208	0.007721	0.4909	0.8982	1.323	10000	5001
	theta[978,1]	-0.3052	0.1666	0.006145	-0.627	-0.3122	0.02917	10000	5001
	theta[979,1]	1.731	0.2143	0.00841	1.316	1.724	2.17	10000	5001
	theta[980,1]	-0.2637	0.1794	0.006226	-0.6089	-0.2677	0.1136	10000	5001
	theta[981,1]	-1.847	0.2682	0.009965	-2.412	-1.836	-1.352	10000	5001
	theta[982,1]	1.2	0.1907	0.008079	0.8333	1.202	1.584	10000	5001
	theta[983,1]	1.121	0.2199	0.007763	0.6758	1.127	1.547	10000	5001
	theta[984,1]	-0.944	0.1884	0.005842	-1.328	-0.9396	-0.568	10000	5001
	theta[985,1]	-1.232	0.1912	0.007272	-1.612	-1.23	-0.8679	10000	5001
	theta[986,1]	-1.323	0.2112	0.008557	-1.766	-1.313	-0.9259	10000	5001
	theta[987,1]	-0.2016	0.1653	0.005747	-0.5367	-0.1933	0.1181	10000	5001
	theta[988,1]	-1.545	0.2137	0.007286	-1.971	-1.548	-1.136	10000	5001
	theta[989,1]	-0.9018	0.1877	0.006717	-1.276	-0.8916	-0.5529	10000	5001
	theta[990,1]	0.3922	0.1775	0.007069	0.06337	0.3751	0.7897	10000	5001
	theta[991,1]	0.826	0.1862	0.007337	0.4527	0.8274	1.203	10000	5001
	theta[992,1]	-0.5675	0.1697	0.005827	-0.8902	-0.5708	-0.233	10000	5001
	theta[993,1]	0.1134	0.1709	0.006791	-0.2255	0.1125	0.4628	10000	5001
	theta[994,1]	0.1148	0.1746	0.00754	-0.2205	0.1144	0.4719	10000	5001
	theta[995,1]	1.587	0.2036	0.007772	1.185	1.59	1.983	10000	5001
	theta[996,1]	-0.8157	0.1706	0.0066	-1.145	-0.8183	-0.4708	10000	5001
	theta[997,1]	-1.588	0.2243	0.008628	-2.055	-1.584	-1.155	10000	5001
	theta[998,1]	-1.944	0.2738	0.009442	-2.514	-1.934	-1.444	10000	5001
	theta[999,1]	0.9515	0.1947	0.007464	0.5728	0.9537	1.326	10000	5001
	theta[1000,1]	0.1565	0.1654	0.006823	-0.1696	0.1517	0.4685	10000	5001
