0001  0 0 0 1 0 0 3 0 0 0 0 0 0 0 2 2 0 3 0 2
0002  0 1 2 1 1 0 0 0 1 1 0 0 0 0 0 1 0 0 0 0
0003  0 0 0 0 2 3 2 3 3 0 2 2 1 3 2 2 3 3 0 0
0004  0 0 0 2 3 0 0 3 3 1 3 2 1 2 2 0 3 3 1 0
0005  0 1 3 3 1 0 2 0 1 1 1 3 0 0 0 1 0 0 0 0
0006  0 0 1 0 0 0 2 0 3 1 3 3 3 3 1 2 2 3 2 0
0007  3 0 3 0 3 3 0 1 3 0 0 3 0 0 0 1 0 0 0 1
0008  0 0 0 1 2 0 0 0 3 0 1 2 0 0 1 3 1 0 3 1
0009  0 0 1 1 2 0 1 0 0 0 0 1 0 0 0 0 3 1 0 0
0010  0 1 0 2 2 1 0 2 3 0 2 1 3 3 0 3 3 0 2 0
0011  0 0 2 2 2 3 0 3 3 1 1 2 3 1 0 0 0 3 2 0
0012  0 0 1 2 3 3 2 3 2 1 3 0 0 1 1 3 1 3 0 0
0013  0 0 0 0 0 1 1 0 3 3 3 0 2 3 0 2 2 3 2 0
0014  0 0 3 1 0 1 0 0 2 3 3 1 3 3 1 3 3 3 3 0
0015  0 0 0 2 0 0 0 0 0 0 0 1 0 1 0 1 2 3 3 2
0016  2 1 3 0 1 3 1 3 0 1 0 3 0 0 1 1 2 0 2 0
0017  0 0 3 3 1 0 0 0 3 2 0 1 0 0 1 3 0 0 0 0
0018  2 1 3 3 2 0 1 0 1 0 3 3 0 1 0 0 0 0 0 0
0019  0 0 0 2 0 0 0 3 0 1 3 0 2 3 2 3 1 2 3 1
0020  2 1 3 1 1 2 3 3 1 1 0 1 0 0 3 0 0 1 0 0
0021  2 3 3 2 0 2 1 0 2 0 0 3 0 0 1 2 0 0 0 0
0022  0 1 3 1 2 3 2 1 3 0 3 3 0 1 3 2 0 0 0 1
0023  1 0 2 0 2 2 0 0 0 0 2 1 0 0 0 3 0 0 0 0
0024  0 0 3 1 1 0 0 3 3 1 3 0 3 3 3 2 0 0 0 0
0025  0 0 0 1 3 0 1 3 0 0 2 3 2 0 3 0 2 3 3 1
0026  0 0 3 1 3 0 3 3 3 1 0 3 0 0 3 1 0 0 0 0
0027  2 2 0 1 1 1 1 3 1 0 2 3 3 1 3 1 1 1 3 0
0028  0 0 1 1 3 0 1 0 3 0 1 3 1 1 2 2 1 2 3 1
0029  0 0 0 2 2 3 0 3 3 2 3 2 3 3 3 2 1 3 2 0
0030  0 2 2 1 0 1 1 3 1 2 3 3 2 0 2 2 3 0 0 0
0031  1 2 2 0 3 0 1 3 0 0 0 2 0 0 3 0 0 0 0 0
0032  0 0 1 2 2 3 2 3 1 0 3 2 2 2 1 1 1 3 1 0
0033  0 3 1 2 0 3 0 3 3 3 3 0 3 3 1 2 1 0 0 0
0034  0 3 3 1 3 3 2 3 2 0 0 0 0 0 3 1 1 0 0 0
0035  0 0 0 3 2 0 1 0 0 0 2 2 2 1 2 2 0 3 0 0
0036  0 1 0 0 1 1 2 0 1 2 0 0 2 0 0 3 3 3 3 0
0037  0 0 0 0 0 2 0 1 1 0 3 0 1 0 1 3 2 3 0 0
0038  0 0 0 3 2 0 1 3 0 0 1 0 0 3 1 2 0 3 3 2
0039  1 2 3 0 0 2 0 2 3 2 2 2 1 0 2 3 1 0 1 0
0040  0 0 0 2 2 0 0 0 3 0 3 2 0 2 0 1 0 1 3 1
0041  0 0 0 1 3 0 1 0 0 0 0 2 2 3 2 0 2 3 0 1
0042  3 1 2 1 1 1 0 0 0 0 2 1 0 0 1 3 0 0 0 0
0043  0 0 0 1 2 0 0 1 0 0 3 0 3 0 1 1 3 3 3 0
0044  0 0 0 0 0 1 0 0 0 2 0 2 2 3 2 3 1 0 1 0
0045  0 0 0 0 0 0 0 1 2 1 1 0 2 2 2 0 2 3 2 1
0046  0 0 1 1 1 0 0 3 3 1 2 1 1 1 1 0 1 3 3 0
0047  3 2 3 0 3 2 1 3 0 1 1 2 0 0 2 1 0 0 0 0
0048  1 1 0 3 1 0 2 3 2 1 2 3 3 3 0 1 3 1 0 0
0049  1 1 3 2 3 0 0 1 3 1 1 1 0 0 1 0 1 0 0 0
0050  2 0 0 2 1 3 0 0 3 1 2 0 0 0 3 3 1 0 0 0
0051  1 1 3 1 2 2 0 0 2 3 1 2 1 1 1 3 2 0 0 0
0052  0 0 0 1 1 0 0 0 0 0 2 3 0 0 0 0 0 0 1 0
0053  1 0 0 1 2 0 0 3 2 2 0 0 1 0 2 3 2 0 0 0
0054  2 0 2 3 1 1 0 1 2 0 0 3 3 0 3 3 2 3 0 0
0055  1 1 0 0 2 3 2 3 0 1 0 2 0 0 3 0 0 0 1 0
0056  0 0 0 2 1 3 1 3 2 1 3 3 0 0 0 3 1 1 0 0
0057  0 0 0 0 2 0 1 0 3 1 1 3 3 0 1 1 3 2 1 0
0058  0 0 1 3 3 0 2 0 0 0 1 0 0 0 0 0 0 1 0 0
0059  0 0 0 1 2 0 0 0 0 0 1 0 0 0 1 1 0 0 0 0
0060  1 0 0 1 3 3 1 3 0 0 3 0 0 0 2 1 0 0 0 0
0061  0 1 0 0 3 0 0 0 0 1 0 1 3 2 0 1 3 3 3 0
0062  1 0 0 1 0 1 1 2 3 0 3 0 1 3 2 2 3 2 3 0
0063  0 0 0 3 2 0 1 0 0 1 1 0 0 0 2 2 2 3 3 0
0064  0 0 2 1 0 0 1 0 3 0 3 1 0 3 1 0 3 3 3 0
0065  0 3 0 1 1 3 3 0 3 0 1 0 0 0 3 3 3 0 0 0
0066  3 2 3 3 3 0 2 1 0 1 0 0 0 0 0 3 0 0 0 0
0067  1 0 2 2 0 3 2 3 3 0 2 1 3 0 0 0 1 0 0 0
0068  3 0 2 3 1 0 1 3 3 0 1 3 0 0 0 2 1 0 0 0
0069  1 0 0 1 0 0 0 0 0 0 0 3 0 0 0 1 0 0 0 0
0070  0 3 2 1 0 3 3 3 3 1 0 0 1 2 1 2 0 0 0 0
0071  0 2 0 1 0 2 1 0 3 0 1 1 0 0 1 3 0 0 0 0
0072  1 0 3 0 3 0 0 3 3 0 0 3 0 3 0 2 1 2 3 0
0073  1 0 0 1 3 1 0 1 0 0 2 2 0 0 2 3 0 0 1 0
0074  2 0 3 2 1 0 0 1 1 0 0 0 0 0 1 2 3 0 0 0
0075  0 0 0 3 3 2 1 0 3 3 3 2 3 2 1 0 1 3 0 0
0076  0 1 0 3 2 0 3 0 3 1 1 1 1 0 1 3 3 3 2 1
0077  0 2 1 2 3 3 1 3 1 0 3 2 2 0 1 3 2 0 0 0
0078  1 0 2 2 3 1 0 3 3 0 1 0 0 1 0 2 0 2 0 0
0079  1 1 1 1 0 0 1 3 2 0 1 0 2 3 3 0 2 0 0 0
0080  1 2 2 0 0 3 1 1 0 2 0 1 1 0 0 2 0 0 0 0
0081  0 2 1 2 3 0 1 1 0 1 3 2 0 0 1 1 0 0 0 0
0082  0 0 0 2 2 0 3 0 0 1 1 1 0 0 1 1 3 3 3 0
0083  0 0 0 1 2 1 0 1 0 1 3 0 0 0 1 2 2 1 0 0
0084  1 0 3 2 2 0 0 0 0 0 1 2 0 0 0 1 0 0 0 0
0085  0 2 1 1 2 3 0 0 2 1 1 0 3 0 0 1 2 1 2 0
0086  0 0 0 2 0 0 0 0 0 0 1 1 0 0 1 2 1 0 1 0
0087  0 1 1 1 3 1 0 0 3 0 0 2 3 3 2 3 0 0 3 0
0088  0 0 1 1 3 0 2 0 0 0 0 3 0 1 2 2 3 0 0 0
0089  0 3 1 2 1 2 2 3 2 0 2 1 0 0 1 1 2 0 0 0
0090  0 0 1 3 3 0 2 2 3 1 1 0 0 0 3 0 1 0 0 0
0091  0 2 0 2 3 0 0 0 0 0 3 1 0 0 2 1 3 0 3 0
0092  0 0 1 3 1 0 0 0 3 0 0 1 0 0 1 1 0 0 0 0
0093  1 0 0 1 3 1 0 0 3 1 0 2 0 1 2 2 0 0 0 0
0094  1 0 0 3 2 0 0 0 0 0 0 1 0 0 0 0 0 0 0 0
0095  0 0 0 1 3 0 0 0 0 0 3 1 0 0 0 2 3 2 2 0
0096  0 1 0 2 2 1 1 0 0 0 2 1 0 0 0 1 1 0 0 0
0097  0 0 0 1 0 0 0 0 0 0 1 0 0 1 2 1 2 0 2 0
0098  0 1 0 1 3 0 1 0 0 2 3 0 0 2 3 2 3 0 1 0
0099  1 3 2 0 1 0 1 0 3 0 0 0 0 0 2 2 2 0 0 0
0100  0 0 3 0 3 0 1 3 3 0 3 0 3 1 2 2 1 0 0 0
0101  0 0 0 2 0 0 0 0 0 0 0 0 0 0 0 1 0 0 0 0
0102  1 1 2 0 3 1 1 1 0 0 0 1 0 0 0 3 0 0 0 0
0103  0 2 2 1 0 0 0 1 0 1 3 0 0 0 1 0 2 0 0 0
0104  0 1 3 1 0 3 1 1 1 2 2 2 1 0 0 2 0 0 1 0
0105  0 0 0 1 2 0 0 0 1 0 2 0 1 3 0 0 3 3 3 2
0106  0 0 0 3 3 0 1 3 2 2 0 2 2 3 1 2 2 3 0 0
0107  0 0 2 3 0 0 0 0 0 0 1 0 0 0 3 1 3 3 0 0
0108  0 2 2 0 0 1 0 0 0 0 0 1 0 0 0 1 0 0 0 0
0109  0 0 0 3 2 0 1 0 0 0 0 2 0 0 1 0 1 0 1 0
0110  0 0 2 3 2 0 0 0 0 1 3 2 1 0 3 3 2 3 1 1
0111  1 3 2 0 1 3 1 0 0 0 0 3 1 0 1 0 0 0 0 0
0112  0 1 3 1 1 3 0 3 3 2 3 1 1 1 0 1 1 0 0 0
0113  0 0 2 0 2 0 1 3 0 0 1 0 1 2 3 1 3 3 3 0
0114  1 0 1 0 2 3 0 3 1 1 1 3 0 0 1 0 0 0 2 0
0115  0 0 0 1 3 0 1 2 1 3 2 2 1 3 2 3 1 0 0 1
0116  0 1 0 2 2 0 0 0 0 0 0 2 3 0 2 0 1 3 3 1
0117  0 0 3 2 2 0 0 0 0 0 2 2 2 0 0 1 3 1 3 0
0118  0 0 1 3 0 0 0 0 0 1 2 0 0 0 0 3 1 1 0 0
0119  0 0 0 1 1 0 1 0 1 0 3 0 2 3 2 1 2 3 3 0
0120  0 0 3 1 0 0 0 0 0 0 1 0 0 0 0 1 0 0 0 0
0121  0 2 3 0 1 2 3 3 2 3 1 1 0 0 0 3 0 0 0 0
0122  2 0 0 1 2 0 0 0 3 0 1 2 0 0 0 3 1 0 0 0
0123  0 0 0 1 2 0 0 0 0 0 0 3 0 0 0 0 0 0 0 0
0124  0 0 0 0 0 0 1 1 3 0 1 2 3 0 1 2 3 3 1 0
0125  0 0 1 2 1 0 0 0 0 0 0 1 0 0 3 0 0 0 0 0
0126  0 0 0 0 2 0 0 0 0 0 0 2 0 0 2 0 3 3 0 0
0127  0 0 0 1 0 0 0 0 0 2 0 0 2 0 3 2 1 1 3 1
0128  2 1 3 1 0 1 2 0 1 1 2 1 0 0 1 0 0 0 0 0
0129  0 2 0 0 1 2 0 3 3 1 1 1 0 2 0 3 0 0 0 0
0130  3 1 3 0 2 0 1 3 0 0 1 0 1 0 0 1 1 0 0 0
0131  0 0 0 3 3 3 2 1 3 1 1 1 3 3 2 3 3 3 2 1
0132  0 1 0 2 2 0 0 1 0 1 1 2 0 0 2 3 0 2 3 1
0133  0 1 1 3 0 0 0 0 3 0 0 1 3 2 3 2 3 0 1 1
0134  0 1 3 1 0 2 0 1 1 1 3 2 0 3 0 3 0 0 0 0
0135  0 0 3 0 2 3 2 0 3 2 3 2 1 3 2 2 3 1 3 0
0136  0 1 0 1 0 0 0 0 0 0 3 3 0 1 0 1 2 3 3 1
0137  1 1 3 1 1 0 2 2 3 0 1 2 2 0 1 3 1 0 0 0
0138  0 0 3 1 1 3 1 3 3 2 1 1 3 0 0 2 1 1 0 0
0139  0 0 3 1 3 0 0 1 1 1 3 1 0 0 3 2 3 3 3 0
0140  3 0 2 1 1 0 2 3 1 1 1 0 1 1 3 3 0 1 3 0
0141  0 0 0 2 2 0 0 1 3 0 0 1 0 3 2 3 0 3 2 1
0142  1 0 3 1 0 1 1 3 3 1 3 3 2 2 2 3 3 3 1 0
0143  1 0 1 3 1 0 3 0 1 0 0 0 0 1 2 2 3 3 3 0
0144  0 0 0 3 0 0 1 0 0 0 1 1 0 0 2 3 2 3 3 1
0145  0 1 2 1 1 0 2 0 3 1 3 2 3 3 1 2 3 3 1 1
0146  0 0 1 2 0 0 0 3 3 1 2 1 0 1 0 3 2 2 0 0
0147  1 0 3 1 2 1 0 3 3 3 2 0 1 0 2 1 0 0 0 1
0148  0 1 0 3 2 0 0 0 2 1 0 0 0 1 1 0 0 0 0 0
0149  0 0 0 1 3 0 1 0 0 0 0 3 0 3 0 1 3 0 1 1
0150  0 1 2 0 3 0 0 0 3 1 3 1 2 3 2 3 0 0 2 1
0151  0 0 0 0 1 0 0 0 0 0 0 3 0 0 0 3 1 0 0 0
0152  2 2 0 1 3 0 0 3 3 1 0 0 3 3 2 0 3 3 0 0
0153  3 0 0 2 1 2 2 3 2 1 3 0 3 3 3 2 1 0 0 0
0154  0 0 1 3 0 0 1 3 0 0 0 0 1 0 2 1 1 3 2 2
0155  1 0 3 0 1 0 0 0 1 0 0 1 0 0 3 0 0 0 0 0
0156  0 1 2 3 0 0 0 3 3 0 0 1 2 1 0 3 0 0 0 0
0157  0 0 0 2 3 0 0 0 0 0 3 0 0 1 0 1 2 0 3 0
0158  0 0 0 2 1 0 1 0 1 0 0 3 3 0 3 2 0 0 3 1
0159  0 0 0 0 2 0 0 0 0 0 3 3 0 0 0 1 0 0 0 0
0160  0 0 1 0 3 0 1 3 1 1 3 1 3 3 3 0 3 1 1 0
0161  0 0 0 0 2 0 0 0 3 1 1 0 3 3 0 2 0 3 0 0
0162  1 1 0 3 3 0 0 0 0 0 0 3 0 1 0 1 0 0 0 0
0163  0 1 3 0 0 3 2 2 0 0 0 0 0 0 0 3 0 0 0 0
0164  0 0 0 0 3 0 0 0 1 0 0 0 0 0 1 0 1 2 3 0
0165  0 2 0 2 3 0 0 0 1 1 0 2 0 0 1 1 0 1 0 0
0166  0 1 2 2 2 0 1 0 3 1 0 2 0 0 0 1 0 0 0 0
0167  0 3 3 0 0 3 3 3 3 0 1 0 1 1 3 1 0 1 2 0
0168  0 1 0 3 0 2 0 3 3 0 0 0 3 2 2 0 0 0 0 0
0169  0 0 3 0 0 0 0 0 0 1 0 1 0 1 0 1 0 0 0 0
0170  2 0 3 0 2 0 0 2 2 0 2 0 3 0 0 2 2 3 0 0
0171  0 0 0 3 1 0 1 0 0 0 1 2 0 0 2 2 0 2 3 1
0172  0 1 0 0 0 0 0 1 1 1 3 3 3 3 0 0 1 1 0 2
0173  1 1 0 0 3 0 0 3 2 1 3 3 3 3 1 3 0 3 1 0
0174  2 1 2 0 1 0 0 0 0 0 0 2 0 1 1 2 0 0 0 0
0175  1 0 3 1 1 2 3 3 1 0 1 3 0 0 0 0 0 0 0 0
0176  0 1 1 3 0 1 2 0 0 0 2 3 0 0 0 0 0 0 0 0
0177  0 0 0 0 2 0 0 0 0 0 0 3 0 0 0 2 0 1 0 0
0178  2 0 0 1 0 0 1 0 0 2 2 1 3 3 1 3 1 2 2 1
0179  1 3 3 0 1 3 3 3 0 3 0 3 0 0 0 1 0 0 0 0
0180  0 3 0 0 2 0 0 0 1 0 2 2 0 0 0 1 1 0 1 0
0181  0 0 2 3 3 0 3 3 0 1 0 0 3 2 0 3 3 3 3 3
0182  3 0 0 1 2 0 0 1 0 1 2 2 3 2 0 1 2 1 3 0
0183  0 0 1 1 0 3 3 3 3 0 2 1 0 0 1 1 2 0 0 1
0184  1 3 1 0 2 0 0 0 0 2 3 2 1 0 1 2 0 0 0 0
0185  0 0 0 1 0 0 0 3 2 3 2 2 0 1 1 0 3 3 2 0
0186  0 0 0 0 2 0 2 0 0 0 0 3 0 0 0 1 3 2 1 1
0187  0 0 0 1 0 0 1 0 1 0 0 0 0 0 0 0 2 2 1 0
0188  0 1 1 1 1 0 2 0 2 1 2 3 3 0 3 2 3 3 2 0
0189  0 0 1 0 3 0 1 3 0 2 0 3 3 1 0 1 3 0 3 0
0190  0 0 0 3 2 0 0 0 0 0 0 2 0 3 2 2 1 3 3 0
0191  0 0 0 0 0 0 0 0 0 0 3 0 0 3 1 1 3 3 1 1
0192  2 1 3 1 1 3 1 3 3 1 3 3 3 0 1 0 3 1 0 0
0193  1 2 0 1 1 0 1 0 1 0 3 1 1 0 1 2 2 0 0 0
0194  0 1 3 2 2 0 1 0 0 0 2 0 0 0 2 2 0 0 2 0
0195  0 3 3 0 3 0 2 0 0 0 3 0 0 0 1 1 2 0 0 0
0196  2 1 2 0 3 1 1 3 0 1 0 1 0 0 3 2 0 0 0 0
0197  1 1 2 0 2 2 1 3 2 0 0 0 3 0 1 1 2 0 0 0
0198  1 0 0 0 1 0 0 0 0 1 2 1 0 0 3 1 2 3 3 0
0199  0 0 3 3 3 0 0 2 3 0 2 2 1 3 3 1 1 0 1 0
0200  0 0 0 3 1 0 0 1 0 0 2 3 2 0 3 2 3 3 0 0
0201  0 3 3 1 0 1 1 3 2 0 2 1 2 0 3 3 2 0 0 0
0202  0 1 2 3 2 1 0 3 1 1 1 1 1 0 0 2 0 0 0 0
0203  0 1 0 0 3 0 0 0 0 1 0 3 0 0 1 1 3 0 2 1
0204  1 0 3 3 0 1 0 3 0 0 0 2 0 0 2 3 0 0 0 0
0205  1 0 0 2 2 0 0 0 0 0 0 1 0 0 0 0 3 0 3 1
0206  0 0 0 2 3 0 0 0 0 0 1 1 0 0 3 2 2 3 3 1
0207  1 2 3 3 1 0 3 0 2 0 3 2 0 0 0 2 2 0 0 0
0208  1 0 3 0 3 3 0 3 3 1 2 3 0 0 1 1 0 1 0 0
0209  3 0 1 1 3 1 0 3 3 0 0 2 1 0 3 2 1 1 0 0
0210  0 0 0 0 1 0 1 0 0 1 1 2 0 1 0 2 2 0 0 0
0211  0 0 1 3 2 0 0 0 0 0 0 0 0 0 1 0 1 0 3 0
0212  0 3 0 3 3 3 2 3 3 1 0 2 1 0 0 2 2 0 1 0
0213  0 2 3 1 2 3 0 3 2 1 0 3 0 0 0 2 0 0 0 0
0214  0 2 2 1 2 0 0 0 1 0 0 0 0 0 0 1 0 0 0 0
0215  0 0 0 0 2 0 0 0 0 0 0 0 0 0 3 3 3 3 0 0
0216  1 0 2 2 0 0 1 0 3 1 1 2 2 1 1 3 0 1 0 0
0217  0 0 0 2 2 1 0 0 0 0 0 0 0 0 0 1 2 2 3 0
0218  3 3 0 1 3 1 1 0 0 0 1 2 0 0 1 0 0 0 0 0
0219  0 0 0 1 3 0 0 0 0 0 0 1 0 0 0 1 0 0 0 0
0220  0 2 1 0 2 1 0 3 3 1 0 2 0 3 0 1 0 1 3 1
0221  1 0 3 1 3 0 2 3 3 2 2 0 1 0 3 0 1 1 0 0
0222  2 0 3 0 1 3 0 1 0 1 2 1 3 3 2 3 1 0 3 0
0223  2 3 0 0 1 0 0 0 1 1 2 0 0 0 2 2 1 0 0 0
0224  0 0 3 3 2 0 1 1 0 2 1 0 1 3 2 2 1 0 2 1
0225  0 2 2 2 1 3 0 3 3 2 2 0 1 0 2 3 0 0 0 0
0226  0 0 1 3 0 0 1 0 2 0 1 3 0 0 1 0 0 3 1 0
0227  0 0 0 3 0 0 0 0 0 0 0 0 0 0 0 3 2 0 0 0
0228  0 0 3 1 1 3 0 0 3 1 2 2 0 0 3 0 0 0 1 0
0229  0 0 1 1 0 0 0 0 3 1 3 3 3 3 3 1 1 3 2 1
0230  0 0 0 1 3 0 1 3 0 1 3 2 1 2 0 2 3 3 3 0
0231  0 0 0 2 2 0 0 0 0 1 2 2 0 0 0 3 1 2 3 0
0232  2 0 0 0 0 1 0 0 3 1 2 2 0 2 0 0 0 3 0 0
0233  0 0 0 0 3 0 0 0 0 0 3 2 0 0 0 1 2 2 0 1
0234  1 1 1 0 0 1 0 2 1 0 2 2 3 2 2 3 3 3 3 0
0235  3 1 3 0 2 2 0 3 3 2 1 3 0 3 0 3 1 0 0 0
0236  1 3 2 2 3 0 0 3 3 0 0 2 1 0 1 3 2 0 0 0
0237  0 0 0 0 3 1 3 3 3 3 3 0 0 0 3 3 3 0 0 0
0238  1 0 3 1 0 0 3 3 3 0 1 1 0 0 2 1 3 0 0 0
0239  1 0 3 3 3 0 2 2 3 0 2 2 2 0 3 2 1 0 0 0
0240  0 0 0 0 0 0 0 0 0 1 0 1 0 0 2 2 0 0 0 0
0241  0 0 0 0 1 0 1 1 2 1 0 3 1 3 1 2 1 3 0 1
0242  0 0 0 0 3 0 0 1 1 0 1 1 3 3 0 2 1 1 2 0
0243  1 0 1 2 2 0 0 3 0 0 0 3 0 0 1 0 0 0 0 0
0244  0 0 0 0 0 0 2 3 0 0 2 1 3 1 3 3 3 0 3 0
0245  2 1 1 2 3 2 0 0 0 0 0 3 0 0 1 3 1 0 0 0
0246  0 0 0 1 2 0 0 0 0 0 0 1 0 0 0 0 0 0 0 0
0247  0 0 3 2 0 0 1 3 3 0 2 0 3 3 2 2 3 3 2 0
0248  0 0 0 1 0 0 0 0 0 0 1 1 0 0 1 3 0 0 0 0
0249  0 0 0 0 2 1 0 0 0 0 0 3 0 0 0 2 1 0 0 0
0250  0 2 3 1 2 0 0 0 1 1 0 3 0 0 0 0 0 0 0 0
0251  0 0 0 0 0 0 0 0 0 0 0 2 1 0 3 3 0 3 0 1
0252  1 0 0 2 0 1 0 0 3 1 2 1 3 0 1 0 2 0 3 1
0253  0 0 0 0 2 0 0 3 3 3 1 3 2 0 0 0 0 0 1 0
0254  0 0 0 2 3 0 0 3 1 2 3 2 0 1 2 3 0 0 0 0
0255  0 3 0 0 0 0 1 0 3 0 0 3 3 3 1 1 3 3 1 1
0256  0 0 0 0 2 0 0 0 3 0 1 0 2 3 1 2 0 3 3 0
0257  0 3 1 3 1 1 0 1 0 1 2 3 0 0 3 0 3 3 1 0
0258  2 0 1 1 2 3 3 3 1 0 0 0 0 0 3 2 2 0 1 0
0259  0 0 2 0 0 0 0 3 1 0 2 3 2 0 1 0 2 2 0 0
0260  0 0 0 2 1 0 0 0 0 0 0 1 0 3 0 0 0 3 1 0
0261  0 0 1 1 2 0 1 2 0 1 3 1 0 1 1 3 3 3 2 0
0262  0 1 1 0 2 0 0 0 0 1 0 0 0 0 0 0 0 0 0 0
0263  0 0 3 3 0 1 2 3 3 3 0 3 0 0 1 0 0 0 0 0
0264  1 0 0 2 2 0 0 0 0 0 0 1 0 1 0 3 0 0 1 1
0265  1 2 3 3 2 3 2 3 2 0 2 1 0 0 1 1 3 0 0 0
0266  0 2 0 0 0 0 0 0 0 1 0 1 0 0 0 2 1 3 3 0
0267  0 0 0 1 2 0 1 0 1 1 3 1 3 3 1 1 3 3 2 0
0268  1 0 1 0 2 3 3 3 1 0 2 3 0 0 2 2 0 0 0 0
0269  0 0 0 3 2 0 1 0 3 0 0 3 0 0 0 2 3 3 0 1
0270  0 0 3 0 3 3 2 3 2 0 3 1 1 0 0 1 0 1 0 1
0271  0 3 3 1 3 0 1 0 1 0 2 0 0 1 1 3 0 1 0 0
0272  0 0 0 1 0 0 0 0 0 0 0 2 0 0 0 0 0 0 0 0
0273  0 0 1 1 2 0 1 2 1 0 0 1 0 0 0 2 0 0 0 0
0274  0 0 0 0 1 0 0 0 0 1 2 0 3 3 2 2 2 3 2 0
0275  0 0 3 2 0 0 0 0 0 0 0 0 0 3 2 3 2 3 3 1
0276  0 0 3 1 2 0 0 0 2 1 3 2 2 2 3 2 0 3 3 0
0277  2 1 1 2 0 1 1 3 1 2 3 2 3 0 0 3 1 0 0 0
0278  1 1 2 3 2 3 0 3 3 0 1 0 0 0 0 0 1 0 0 0
0279  0 0 2 2 3 0 0 1 2 0 0 2 0 0 2 2 3 3 3 0
0280  1 1 0 2 1 0 1 1 1 0 3 2 0 0 0 3 0 0 0 0
0281  1 0 0 2 2 3 2 2 3 3 1 1 1 0 1 3 3 0 0 0
0282  1 1 0 1 1 0 1 1 0 1 0 3 0 0 0 2 0 0 0 0
0283  1 0 0 3 3 0 0 0 0 0 1 2 0 0 1 0 0 0 0 0
0284  0 0 2 3 2 3 1 3 3 1 0 2 1 0 0 1 0 0 0 0
0285  0 0 0 1 0 0 1 0 1 0 3 3 0 0 0 1 0 2 3 0
0286  0 1 0 1 1 0 0 0 0 0 3 0 0 0 0 3 3 3 3 3
0287  3 3 1 0 1 0 0 0 0 0 0 0 0 0 0 0 3 0 0 0
0288  0 1 1 1 0 0 0 0 0 0 1 3 3 0 1 3 2 3 3 0
0289  0 0 1 2 1 0 0 1 2 1 2 1 3 3 2 3 2 3 1 0
0290  2 1 0 0 1 0 2 0 0 1 0 0 0 0 1 0 0 0 0 0
0291  0 1 0 0 2 0 2 0 0 2 0 3 2 0 1 0 0 2 2 0
0292  0 1 1 2 2 0 0 3 2 0 3 2 3 3 2 3 3 0 2 0
0293  1 0 3 2 3 1 0 0 1 0 2 1 3 3 3 2 3 3 2 1
0294  0 1 1 0 3 0 0 2 0 3 0 0 0 2 1 0 0 0 0 0
0295  0 0 0 3 0 0 0 0 0 0 0 1 0 1 0 1 2 0 3 0
0296  0 0 0 1 3 0 1 0 0 0 0 3 0 0 2 1 0 0 0 0
0297  1 0 3 1 3 3 0 3 2 3 1 2 0 0 0 0 0 0 0 0
0298  0 0 0 2 0 0 2 0 0 1 0 2 0 0 3 2 0 2 2 3
0299  0 0 0 1 0 3 3 3 3 1 1 2 1 0 2 3 3 1 0 0
0300  2 0 1 0 2 0 2 0 0 1 0 3 0 0 0 2 0 1 0 0
0301  0 0 0 1 2 3 2 3 3 0 3 1 3 1 0 1 2 0 0 0
0302  0 0 0 1 0 1 0 3 1 0 2 1 1 0 0 3 1 3 3 0
0303  0 1 0 0 0 0 0 1 3 0 2 0 0 2 0 1 1 0 0 0
0304  3 0 1 3 2 0 1 1 3 1 3 0 3 3 1 3 0 2 0 0
0305  1 1 0 0 1 0 3 3 2 0 1 3 3 3 1 1 1 0 3 1
0306  0 0 0 1 1 0 3 2 1 2 2 0 3 3 1 2 2 0 3 1
0307  2 2 3 3 0 0 0 0 0 1 3 2 0 0 1 0 1 0 0 0
0308  0 3 2 3 1 0 0 3 3 3 3 3 0 3 0 1 3 0 1 0
0309  0 0 2 0 2 0 3 3 2 2 3 2 1 0 0 1 0 1 0 0
0310  0 0 3 0 0 2 0 3 0 2 1 3 0 0 1 3 3 0 0 0
0311  1 0 0 0 1 3 0 1 3 1 3 1 3 1 3 2 0 3 1 0
0312  1 2 0 2 0 1 1 3 3 1 1 3 2 2 2 2 1 1 0 0
0313  0 0 3 1 1 0 3 3 2 0 0 1 0 0 3 2 2 0 0 0
0314  0 0 0 0 1 0 1 0 0 0 1 3 3 1 3 3 0 3 0 0
0315  0 1 3 0 0 3 2 3 1 0 0 1 1 2 2 3 0 0 1 1
0316  0 2 0 0 0 3 0 3 0 1 2 3 0 1 1 1 0 1 0 0
0317  0 1 0 0 1 3 1 3 3 0 1 1 0 1 1 0 1 1 0 0
0318  0 0 0 2 1 1 0 0 2 0 2 0 3 1 2 1 3 3 2 0
0319  2 1 0 0 2 0 0 0 0 0 1 0 1 0 0 3 0 0 0 0
0320  0 0 2 2 2 1 2 0 0 0 0 2 0 1 1 0 0 0 1 0
0321  3 2 1 0 3 3 0 0 0 0 3 0 0 1 1 0 2 1 0 0
0322  0 0 0 1 2 0 2 1 3 0 0 2 1 2 0 3 1 1 3 2
0323  0 0 0 2 2 0 0 0 0 0 0 0 0 0 0 0 1 3 0 1
0324  0 1 1 1 1 1 3 0 3 0 2 0 3 0 3 3 0 1 3 1
0325  0 0 3 1 2 0 0 3 3 3 0 0 3 3 0 1 1 0 1 0
0326  0 0 3 0 0 0 0 1 0 0 2 1 0 0 0 0 1 0 0 0
0327  0 0 0 1 1 0 0 0 0 0 1 1 0 0 1 0 1 0 3 1
0328  1 0 1 1 0 0 0 2 3 0 2 0 3 0 3 2 1 3 0 0
0329  0 0 0 3 0 0 2 0 3 3 1 1 3 3 1 3 3 3 1 0
0330  3 2 2 2 3 2 1 0 3 0 0 0 0 0 2 3 2 0 0 0
0331  3 2 3 0 2 3 2 3 2 1 2 0 3 1 0 2 3 0 0 0
0332  1 2 0 2 3 3 0 0 3 0 1 2 0 0 2 3 1 0 0 0
0333  0 2 1 3 1 0 0 3 3 2 1 1 2 1 1 1 1 1 0 0
0334  3 0 1 0 0 0 1 3 3 2 3 0 2 1 3 3 1 3 0 0
0335  0 0 0 2 3 2 0 3 3 3 2 2 2 1 0 2 1 0 0 0
0336  0 1 0 1 0 0 0 0 0 0 3 0 0 0 3 0 2 0 3 2
0337  1 0 1 0 0 0 0 0 0 0 0 3 0 0 3 1 0 0 0 0
0338  1 0 0 2 3 2 3 1 3 0 0 1 0 0 2 0 0 0 0 0
0339  1 0 0 0 3 0 3 3 3 1 3 3 3 1 1 2 0 3 3 0
0340  1 0 0 1 1 1 0 3 3 1 0 1 0 0 1 0 0 1 1 0
0341  0 2 0 1 1 0 0 3 2 0 2 0 0 1 0 3 3 0 0 0
0342  0 3 1 3 1 3 0 1 3 2 3 0 1 2 2 2 2 1 3 0
0343  0 0 0 1 0 0 0 0 0 0 0 3 0 0 0 0 0 1 3 0
0344  2 0 1 2 2 3 2 2 1 3 1 2 3 0 1 2 0 2 0 0
0345  0 0 0 1 3 0 0 0 0 0 0 3 0 0 2 2 0 0 3 0
0346  2 0 1 1 2 3 2 3 3 0 1 1 0 0 1 1 0 0 0 0
0347  0 0 0 3 0 3 1 3 0 0 0 1 0 0 1 0 2 1 2 0
0348  0 0 1 2 2 3 3 3 3 0 1 3 2 2 0 2 1 0 3 1
0349  0 0 3 2 1 2 0 0 3 1 3 1 0 0 0 3 0 0 0 1
0350  0 0 0 1 0 3 0 0 2 1 3 1 3 1 2 1 3 3 1 0
0351  3 1 1 2 0 0 1 0 0 1 0 2 0 0 0 1 1 0 0 0
0352  1 1 3 2 3 3 1 3 2 1 2 3 3 1 2 3 2 1 0 1
0353  0 0 0 3 2 0 0 0 0 1 0 1 0 0 0 0 0 0 0 0
0354  0 0 0 0 1 3 0 3 3 0 3 2 3 3 0 1 3 1 2 0
0355  0 0 1 2 0 1 2 2 0 3 3 0 3 0 0 3 1 1 2 0
0356  0 0 0 0 3 0 1 3 3 3 3 1 3 2 0 2 1 0 1 0
0357  0 0 1 0 2 3 0 0 3 2 1 2 2 1 0 2 2 2 3 1
0358  2 0 3 2 3 3 1 3 1 0 1 3 2 0 1 0 2 2 0 0
0359  1 0 0 3 2 0 2 0 3 1 2 1 3 3 1 1 0 3 3 1
0360  1 0 0 0 0 0 1 1 1 2 1 2 3 3 3 0 3 3 0 0
0361  0 1 0 1 2 1 0 0 3 1 1 3 2 3 3 0 1 3 3 0
0362  1 2 1 3 2 1 2 3 2 3 3 3 0 0 0 1 2 0 1 0
0363  3 0 0 1 0 0 0 0 0 0 1 0 0 0 0 0 0 0 0 0
0364  1 0 1 1 1 3 1 3 3 2 1 2 2 0 0 3 3 0 0 0
0365  0 0 2 2 0 0 0 0 1 2 2 3 3 0 1 2 1 3 2 0
0366  0 0 3 2 0 0 0 0 1 3 3 0 3 1 0 0 0 3 3 0
0367  0 0 0 1 3 0 0 0 0 0 2 0 3 1 0 2 3 3 0 0
0368  3 0 2 1 3 3 2 3 3 1 0 2 1 1 1 2 0 0 1 0
0369  0 1 3 3 1 2 0 3 3 0 2 0 0 0 3 3 2 1 0 0
0370  0 1 2 3 3 3 0 1 3 1 3 2 1 0 0 1 0 0 0 0
0371  0 0 0 2 2 0 1 2 3 0 2 1 1 3 0 3 3 0 0 1
0372  0 0 1 2 1 1 0 0 1 1 0 2 0 2 0 3 0 3 2 2
0373  2 1 3 1 1 3 3 3 3 0 1 2 0 0 1 2 2 0 0 0
0374  0 0 0 3 1 0 1 3 3 0 1 0 3 2 3 2 1 0 1 0
0375  2 2 1 2 3 3 0 3 3 0 3 2 0 1 2 2 1 0 3 0
0376  1 0 0 0 2 2 0 2 3 2 2 2 3 3 1 0 1 1 0 1
0377  3 0 2 3 1 0 1 0 0 0 3 1 0 0 3 2 2 0 0 0
0378  0 0 0 2 3 1 0 0 0 0 0 0 0 1 1 0 1 3 3 0
0379  0 1 0 1 1 0 1 3 3 1 3 3 3 0 2 2 3 3 0 1
0380  1 2 1 2 1 0 2 0 3 0 2 1 0 0 0 3 1 0 0 0
0381  0 0 0 0 3 0 1 3 0 1 1 2 3 2 3 2 3 3 0 1
0382  0 0 0 0 1 0 0 0 0 0 1 2 0 0 2 1 1 0 1 0
0383  0 1 3 3 1 2 2 3 3 3 0 0 0 0 0 1 2 0 0 0
0384  1 0 2 1 1 3 0 0 3 0 3 3 0 0 0 2 1 1 0 0
0385  1 0 2 1 1 3 1 3 0 2 2 0 0 0 0 1 0 3 0 0
0386  0 0 0 0 0 0 0 0 0 0 0 3 0 0 2 2 1 3 0 0
0387  0 0 2 1 0 0 2 0 1 2 2 0 1 0 0 3 0 0 0 0
0388  1 2 0 1 0 0 1 1 3 0 2 0 0 0 0 1 1 0 0 0
0389  0 1 0 0 3 0 0 0 0 0 3 1 0 0 0 0 0 3 2 0
0390  2 0 0 0 1 0 0 0 0 0 0 2 0 0 0 3 0 0 0 0
0391  1 0 2 0 0 0 0 0 3 0 0 0 1 0 0 0 0 0 0 0
0392  0 0 0 1 2 0 0 0 0 1 3 0 0 0 1 0 0 0 1 3
0393  0 2 2 1 3 3 0 0 0 0 0 3 1 0 0 3 0 0 2 0
0394  0 0 0 1 0 0 0 0 0 1 3 2 1 0 0 2 0 3 2 1
0395  0 0 2 0 2 1 1 0 1 0 3 1 0 0 0 3 0 0 0 0
0396  0 0 0 1 2 0 0 0 0 0 0 0 1 0 1 2 0 0 0 0
0397  0 1 2 2 2 3 0 3 0 0 3 2 1 1 1 3 1 3 1 0
0398  0 1 0 0 0 0 1 0 0 0 1 2 0 0 0 2 0 0 0 0
0399  0 0 1 0 3 0 0 0 0 0 2 3 0 0 2 3 3 1 0 0
0400  0 2 0 1 0 1 0 0 1 0 2 2 0 0 1 0 0 0 0 0
0401  0 0 3 3 3 1 0 3 0 0 3 1 3 3 1 3 3 0 0 0
0402  3 0 1 2 1 1 1 3 0 1 3 1 0 0 2 3 0 0 0 0
0403  0 0 0 3 0 1 1 3 3 0 0 1 2 1 2 0 3 3 0 0
0404  2 2 1 1 2 3 1 3 0 0 3 1 3 1 1 1 0 0 0 1
0405  2 2 3 1 2 2 0 2 1 0 0 3 0 0 0 2 1 0 0 0
0406  3 0 2 0 3 3 0 0 0 1 2 2 0 1 0 2 0 0 0 0
0407  2 1 1 0 1 3 1 1 0 2 2 0 0 0 0 2 0 0 0 0
0408  0 0 0 3 0 0 0 0 0 0 0 2 0 1 3 2 1 0 3 0
0409  0 0 0 0 3 0 1 0 0 1 0 0 2 1 0 3 1 3 2 1
0410  1 1 1 0 1 0 0 0 0 0 2 3 0 0 0 2 0 0 0 0
0411  1 0 3 2 2 3 1 0 3 2 1 1 0 2 0 3 1 1 0 0
0412  0 2 1 0 0 1 0 3 2 1 1 1 0 0 2 1 0 1 1 0
0413  1 1 0 1 1 1 1 1 0 1 3 2 0 0 0 2 0 0 0 0
0414  0 2 1 1 0 1 2 2 3 3 0 2 3 1 0 0 0 2 0 0
0415  0 1 3 3 0 2 0 3 2 1 2 2 1 0 1 2 3 0 1 0
0416  0 0 2 2 1 2 0 0 0 0 2 2 0 0 2 2 0 0 0 0
0417  1 0 0 1 3 0 0 0 0 0 1 0 0 0 0 0 0 0 0 0
0418  0 0 0 0 0 0 0 0 0 1 1 1 1 0 1 0 3 3 2 0
0419  3 1 0 1 1 3 0 3 0 0 3 1 0 3 0 0 0 0 1 0
0420  0 0 0 0 3 1 3 3 1 0 0 3 1 2 3 3 3 1 2 0
0421  2 3 3 0 0 1 1 1 0 1 0 0 0 0 3 2 0 0 0 0
0422  0 0 0 1 1 0 0 0 0 0 0 0 0 0 1 1 2 3 0 1
0423  0 0 3 1 2 1 2 3 3 0 0 0 0 0 2 1 3 0 0 0
0424  3 2 3 1 2 3 1 3 0 1 2 1 1 2 0 2 3 0 0 0
0425  0 0 0 0 0 0 0 3 1 0 2 2 2 3 2 1 2 3 3 0
0426  1 0 1 3 2 1 0 1 0 0 0 1 0 2 1 0 3 3 0 0
0427  0 0 3 3 3 0 1 0 2 3 1 1 1 0 2 3 2 2 3 2
0428  2 0 0 1 1 0 2 3 0 0 1 0 1 1 3 2 1 1 0 0
0429  1 0 2 0 3 2 0 3 1 0 1 3 0 2 0 3 0 0 1 0
0430  0 0 1 2 1 0 0 3 3 0 1 2 1 1 2 3 2 2 0 0
0431  0 0 0 1 1 0 0 0 0 2 1 1 0 0 2 1 3 3 3 0
0432  0 0 0 1 2 0 0 0 0 0 0 3 0 0 2 3 0 3 3 0
0433  1 3 0 1 3 0 2 0 0 0 0 0 0 0 1 0 0 0 0 0
0434  0 0 2 0 0 0 0 0 0 0 1 2 0 3 1 0 2 3 2 1
0435  0 0 0 2 1 0 0 0 0 1 0 0 3 1 3 3 2 3 1 0
0436  0 0 0 0 1 0 0 0 0 0 1 0 0 0 3 1 3 1 0 0
0437  1 1 3 0 0 0 0 2 3 1 2 3 0 1 3 3 2 0 0 0
0438  0 0 0 0 0 0 0 0 0 1 0 0 0 0 3 2 2 1 0 1
0439  1 0 0 0 1 1 3 1 1 0 0 0 3 1 2 3 1 0 0 1
0440  2 0 0 2 2 0 1 0 0 1 0 3 3 0 0 3 2 3 2 3
0441  2 0 2 0 2 0 0 0 0 0 3 2 0 0 1 0 0 1 0 0
0442  0 0 0 1 2 0 1 0 3 0 3 2 0 3 1 1 3 2 1 2
0443  0 0 0 3 3 0 2 0 3 1 0 1 0 0 3 3 0 3 3 2
0444  0 0 1 0 2 0 2 0 0 1 0 1 0 0 0 1 1 3 3 1
0445  0 0 2 3 2 3 1 3 3 0 0 0 0 0 1 1 1 1 2 0
0446  2 0 0 1 3 0 1 3 1 2 0 3 3 3 1 3 0 2 3 1
0447  0 0 0 3 0 0 0 0 1 2 3 1 0 0 1 3 2 1 2 1
0448  0 1 0 1 3 0 1 3 0 2 1 0 3 1 3 1 3 3 0 0
0449  0 0 0 1 3 0 0 0 0 0 3 1 0 1 0 1 3 3 3 1
0450  0 0 1 0 2 0 0 1 0 0 3 3 0 3 1 2 3 3 3 1
0451  0 1 0 0 1 0 0 3 3 2 2 3 3 0 0 2 0 2 1 0
0452  0 1 0 0 1 0 1 0 3 2 0 2 1 0 0 2 0 3 3 2
0453  0 1 0 3 1 3 3 3 3 0 0 3 1 3 2 3 1 0 1 0
0454  0 3 1 1 2 0 0 0 0 0 0 3 0 0 1 3 0 1 0 0
0455  3 1 3 1 1 0 0 3 0 1 0 0 3 0 2 2 2 1 0 0
0456  0 0 2 0 2 0 0 0 0 0 0 2 0 0 0 0 0 0 0 0
0457  0 0 0 2 2 0 0 0 0 0 0 0 0 0 0 0 0 0 0 0
0458  0 0 0 0 2 1 1 0 3 2 1 3 3 3 2 0 1 1 0 0
0459  0 0 0 0 3 0 0 0 0 0 0 0 0 0 1 0 0 0 1 0
0460  0 0 0 3 3 0 0 0 3 0 0 1 1 3 0 3 1 2 3 1
0461  0 0 0 1 3 0 1 3 2 1 1 2 3 3 2 3 0 3 2 0
0462  1 0 1 0 2 1 0 3 1 0 0 0 3 3 3 2 0 3 1 0
0463  0 0 0 0 2 0 0 0 0 1 1 1 0 3 0 3 1 3 2 0
0464  1 0 3 0 2 3 1 3 3 0 3 2 2 0 3 1 0 0 0 0
0465  0 0 0 0 3 0 0 0 0 0 0 0 0 0 2 3 0 0 0 0
0466  0 0 1 1 1 1 1 2 3 2 0 2 2 3 1 0 0 0 1 1
0467  0 0 2 0 3 0 1 3 2 2 0 3 3 2 3 1 3 3 3 1
0468  1 0 2 1 0 2 1 3 3 2 3 2 2 1 1 2 2 0 0 1
0469  0 0 0 3 0 0 0 1 2 1 0 1 0 2 1 1 0 3 2 0
0470  2 0 1 2 3 3 3 2 0 0 1 1 1 0 1 2 0 0 0 0
0471  0 0 3 0 0 0 0 3 3 1 0 3 0 0 0 3 0 0 0 0
0472  1 0 0 2 0 0 0 1 1 0 1 1 0 2 2 3 3 2 1 0
0473  0 0 0 3 0 0 2 0 1 0 1 0 0 1 0 2 1 3 2 0
0474  0 0 0 3 3 0 0 0 0 0 1 3 0 0 3 0 2 3 3 0
0475  1 0 0 1 2 2 0 0 0 1 3 1 3 3 3 3 3 3 3 0
0476  0 0 0 1 0 0 0 0 0 0 3 2 3 0 3 3 2 2 3 0
0477  0 0 1 3 1 3 2 2 2 2 2 3 1 0 3 3 2 0 0 1
0478  0 2 0 0 1 3 0 3 2 0 2 2 2 0 1 0 1 0 2 0
0479  1 1 0 3 1 0 0 0 0 0 0 3 0 0 3 1 0 0 1 1
0480  1 0 0 1 3 0 1 0 0 0 2 0 0 0 1 0 0 0 1 0
0481  0 0 3 1 0 3 0 3 3 3 0 1 2 0 2 3 2 1 0 0
0482  0 0 3 2 2 3 3 3 2 1 2 1 0 1 2 2 2 0 0 0
0483  0 0 3 0 0 3 0 3 3 0 3 0 0 0 2 0 3 0 0 0
0484  0 0 0 2 0 0 2 0 0 0 0 1 1 0 3 3 3 1 3 0
0485  0 2 3 0 1 3 3 3 1 0 0 0 0 0 1 3 0 0 0 0
0486  0 0 0 3 1 1 0 0 0 2 0 0 2 3 2 2 0 1 1 1
0487  0 0 0 1 3 1 0 3 1 0 3 3 2 1 3 1 2 0 3 0
0488  0 0 1 3 1 0 0 0 0 0 0 0 1 1 0 1 0 0 0 0
0489  1 2 0 0 1 0 3 0 0 0 0 1 0 3 1 3 3 1 3 1
0490  0 0 3 1 0 1 0 0 0 0 0 1 0 0 1 3 3 3 3 1
0491  0 0 0 3 0 0 1 1 2 1 0 2 0 0 1 2 0 3 3 1
0492  0 0 1 0 1 0 0 0 0 2 3 3 1 1 1 1 0 0 2 0
0493  0 0 0 0 2 0 2 0 2 0 1 1 3 0 1 1 2 2 3 1
0494  0 1 0 3 0 0 2 3 3 0 3 1 3 2 2 0 2 2 1 0
0495  0 1 3 2 2 3 0 1 0 1 0 2 0 1 2 3 3 0 0 0
0496  0 0 2 2 0 1 0 3 3 3 3 3 0 0 3 3 2 3 0 0
0497  0 0 0 1 3 0 1 0 0 0 1 1 0 2 0 1 1 0 3 1
0498  0 0 3 2 1 3 0 3 2 2 3 1 0 3 1 3 3 0 2 0
0499  0 0 0 2 3 1 0 0 0 0 0 1 0 0 1 2 0 0 0 0
0500  1 0 2 0 3 3 1 3 3 1 3 2 0 0 2 3 0 1 0 0
0501  0 0 0 0 3 0 0 0 0 3 3 3 1 0 2 1 0 2 3 0
0502  2 0 0 2 0 1 0 1 0 0 3 0 0 0 0 3 1 0 0 0
0503  0 0 1 0 1 0 1 3 2 1 1 0 2 0 3 3 0 3 0 0
0504  0 1 3 0 2 1 0 2 0 2 1 0 1 0 0 2 0 1 0 0
0505  0 0 0 2 3 0 0 0 0 0 0 2 2 3 3 3 3 3 1 0
0506  2 0 2 3 3 3 0 0 0 0 1 0 0 0 3 1 0 0 0 0
0507  0 0 0 1 1 0 0 0 1 1 0 2 1 0 2 1 2 3 3 3
0508  0 0 0 1 2 0 0 1 0 0 3 1 2 0 3 1 2 3 1 0
0509  0 1 3 0 3 1 1 3 3 0 3 0 3 0 0 1 3 0 0 0
0510  3 0 0 0 0 2 2 2 2 1 3 3 3 3 3 0 1 3 1 0
0511  0 0 0 0 1 0 0 0 0 0 0 0 0 0 0 0 2 3 0 0
0512  0 0 1 0 0 1 2 3 3 0 3 2 1 0 0 1 3 0 0 0
0513  0 0 1 2 3 1 1 0 2 1 1 3 0 3 1 3 3 2 3 1
0514  2 1 1 2 2 0 0 0 0 0 0 0 1 1 0 0 0 1 3 0
0515  0 2 2 0 3 3 1 3 1 1 2 3 0 0 1 2 0 0 0 0
0516  0 0 1 3 0 0 0 3 0 1 1 3 3 0 2 2 1 0 0 0
0517  0 0 0 2 1 2 0 3 2 1 3 1 0 2 1 3 2 0 1 0
0518  0 0 0 3 0 3 0 0 1 0 0 1 0 0 2 1 1 0 0 0
0519  0 0 0 2 1 0 0 0 0 0 0 2 0 0 2 3 3 3 3 0
0520  0 2 0 1 1 3 2 0 3 0 3 3 1 0 1 2 3 1 0 0
0521  2 0 2 2 1 0 0 0 0 0 0 3 0 0 1 0 1 0 0 0
0522  0 0 0 2 2 0 0 3 1 0 2 0 0 3 1 1 1 0 3 2
0523  0 0 2 1 0 0 0 1 3 2 0 2 3 3 3 0 2 2 0 1
0524  1 0 0 3 3 0 0 0 3 0 1 3 2 3 0 1 3 3 3 0
0525  2 1 1 3 0 0 1 0 3 1 0 3 0 0 1 0 0 0 0 0
0526  0 1 0 0 3 2 0 0 1 2 3 3 3 0 2 2 1 3 0 1
0527  0 1 0 2 2 1 0 0 0 1 3 0 1 0 0 2 3 3 0 1
0528  0 1 1 3 1 1 3 3 1 2 1 2 3 1 3 3 3 0 0 0
0529  0 0 0 3 3 0 0 0 0 0 0 0 0 1 0 1 0 0 1 0
0530  2 2 1 2 1 0 0 0 0 0 0 0 0 0 2 1 0 0 0 0
0531  0 0 0 3 0 0 0 0 0 0 1 0 0 0 1 0 2 0 0 0
0532  3 0 0 2 3 1 1 3 3 0 3 3 2 0 2 0 3 1 0 0
0533  3 0 3 2 0 0 0 3 3 1 2 3 0 0 2 0 0 0 0 0
0534  0 0 0 1 1 0 0 0 1 0 0 1 0 0 3 0 3 3 3 1
0535  0 0 3 1 2 0 0 0 0 0 0 3 0 0 0 1 0 0 0 0
0536  0 0 1 3 1 2 1 0 0 1 3 3 3 1 1 2 1 3 3 1
0537  0 1 0 3 0 0 0 1 0 0 0 3 0 0 3 0 3 3 2 1
0538  0 2 0 2 0 0 0 0 0 1 0 3 0 0 0 3 3 0 0 1
0539  0 0 0 0 1 0 0 1 3 0 0 3 0 0 3 1 3 0 0 2
0540  0 0 0 2 0 0 0 0 3 3 2 2 2 1 3 1 3 3 3 1
0541  0 0 0 2 3 0 0 0 0 0 2 1 0 0 0 0 2 0 1 0
0542  1 0 0 1 0 0 2 2 3 0 2 0 3 3 1 2 1 3 1 0
0543  1 0 0 0 0 0 2 2 0 0 2 1 2 3 0 0 2 1 0 0
0544  0 1 3 1 2 3 0 1 3 0 3 3 2 3 0 3 0 3 3 0
0545  0 1 1 1 0 0 0 0 3 2 2 3 2 3 1 2 2 3 0 0
0546  0 0 0 1 0 3 1 3 3 0 2 1 0 0 3 2 1 0 0 0
0547  0 0 1 0 1 0 0 0 0 0 3 2 0 0 1 3 3 3 0 0
0548  0 0 3 3 3 0 3 3 2 0 2 3 1 1 0 3 2 1 0 0
0549  0 1 0 0 1 0 0 0 0 0 3 2 0 0 2 0 0 2 0 0
0550  1 1 3 2 1 0 2 3 3 1 1 0 1 0 2 3 3 2 0 0
0551  2 0 3 2 1 3 2 1 2 0 0 3 0 0 0 2 1 0 0 0
0552  0 0 0 1 2 0 0 1 1 0 0 0 0 0 1 2 0 3 2 1
0553  0 0 0 0 3 0 0 0 0 0 0 0 0 0 2 1 0 0 0 0
0554  0 0 0 1 3 0 0 0 0 0 3 0 0 0 1 1 0 0 0 0
0555  0 0 1 2 1 3 1 3 3 0 0 0 2 3 2 1 1 0 1 0
0556  0 0 0 1 0 0 1 0 0 0 1 1 1 2 3 0 3 3 3 1
0557  0 1 0 3 0 1 0 1 3 0 0 1 3 3 0 2 3 0 3 0
0558  0 0 0 2 0 0 0 0 1 0 0 1 1 1 0 3 3 3 3 0
0559  2 0 0 3 2 0 1 3 3 0 2 2 3 0 2 2 3 3 0 0
0560  0 0 0 2 0 0 1 0 1 0 0 3 0 3 0 1 0 0 2 0
0561  0 0 1 0 0 0 0 0 0 1 0 2 0 0 3 3 1 1 0 1
0562  0 0 1 0 3 0 0 0 0 0 0 0 0 0 0 0 0 0 1 0
0563  0 0 0 0 3 0 0 0 0 0 2 3 0 0 1 0 0 3 1 0
0564  0 0 0 3 3 3 0 2 0 0 1 1 1 3 2 2 2 3 0 1
0565  2 0 3 1 3 1 1 3 0 1 2 0 0 0 1 3 1 0 0 0
0566  0 1 0 0 2 0 0 0 0 0 0 0 0 0 2 3 1 0 3 1
0567  0 0 0 3 0 0 0 0 0 0 0 2 0 2 2 2 0 0 3 0
0568  1 3 3 3 2 1 0 0 0 1 1 0 0 0 0 0 1 0 0 0
0569  0 0 3 0 1 2 3 0 2 0 0 1 1 1 1 3 3 0 0 0
0570  0 0 0 2 2 3 0 1 3 0 2 0 3 3 3 3 2 3 1 0
0571  0 0 0 1 1 0 0 3 0 2 1 2 3 1 2 0 1 0 2 0
0572  3 1 0 2 0 0 0 3 3 3 2 3 0 0 0 3 0 0 0 0
0573  0 0 0 0 1 0 0 0 0 1 0 1 3 1 0 2 1 3 2 1
0574  3 0 0 1 1 0 2 0 1 0 0 2 0 0 0 2 0 0 0 0
0575  2 3 3 3 0 0 1 3 3 1 3 0 3 0 2 2 0 0 0 0
0576  3 1 2 2 1 3 0 3 3 0 1 3 0 0 0 0 3 0 0 0
0577  0 0 0 2 2 0 0 3 0 1 1 0 3 0 2 3 1 0 0 0
0578  1 1 0 2 2 3 2 3 3 1 2 1 1 0 0 0 1 1 0 0
0579  0 0 2 1 2 0 1 3 3 2 3 3 3 3 0 3 0 0 3 0
0580  0 0 0 2 3 0 1 0 0 0 2 3 1 0 1 2 2 3 3 0
0581  0 0 0 0 0 0 1 0 0 0 1 3 0 0 3 2 3 3 1 0
0582  1 0 0 0 3 0 0 0 0 0 1 2 0 0 1 0 0 0 0 0
0583  0 0 3 0 2 0 0 1 2 0 1 1 1 3 1 1 3 2 3 0
0584  1 2 1 3 0 3 3 3 0 1 0 2 0 0 2 2 0 1 0 0
0585  0 0 0 0 2 1 0 2 0 0 0 2 3 3 1 3 0 1 0 1
0586  0 1 2 1 0 1 2 3 3 2 3 3 3 0 1 1 3 1 0 1
0587  0 2 2 1 3 3 2 2 3 0 1 3 0 0 2 1 0 0 0 0
0588  0 0 0 1 3 0 3 0 2 0 3 0 1 0 3 3 0 3 0 1
0589  0 1 0 1 2 0 2 0 3 0 2 1 0 2 1 0 0 3 0 0
0590  0 3 1 0 1 2 1 1 0 0 3 2 1 0 0 0 3 0 0 0
0591  1 1 1 0 1 2 0 3 3 0 3 3 2 1 3 2 0 0 1 0
0592  3 2 0 0 0 2 0 0 0 0 1 1 1 0 0 3 3 0 0 0
0593  2 0 1 1 3 0 0 0 0 0 1 3 0 0 0 1 0 0 0 0
0594  0 0 2 1 3 3 0 0 0 1 0 2 0 1 2 1 0 0 0 0
0595  0 0 1 0 1 0 2 0 0 3 0 3 3 3 1 0 0 3 3 0
0596  1 2 3 0 3 2 0 1 0 2 1 3 0 1 2 0 1 1 0 0
0597  0 0 0 1 3 0 0 0 0 0 0 1 0 0 0 0 0 0 0 0
0598  0 0 3 3 1 0 0 3 3 2 0 0 1 1 1 2 0 3 0 0
0599  0 0 0 0 0 0 0 0 0 0 0 2 0 0 2 3 1 3 2 0
0600  0 0 1 3 3 3 0 1 3 1 0 2 0 0 2 0 1 0 0 0
0601  1 1 3 1 1 3 0 3 1 0 1 3 1 0 1 2 0 0 0 0
0602  0 0 3 3 0 1 1 3 2 1 2 1 0 0 2 0 3 0 0 0
0603  1 0 0 0 3 0 1 0 3 1 3 2 0 2 2 3 3 3 2 1
0604  0 0 1 3 0 0 0 1 0 0 0 2 0 0 0 2 1 0 0 0
0605  0 2 0 0 0 0 0 0 0 0 1 3 0 0 1 0 0 0 0 0
0606  0 0 0 1 0 0 3 3 3 1 2 2 2 1 3 3 0 3 0 0
0607  0 1 1 0 0 3 0 3 3 2 3 3 3 2 2 1 2 3 0 0
0608  0 1 0 0 2 0 1 3 3 2 0 0 1 0 3 0 3 1 3 1
0609  0 1 3 3 1 2 2 3 3 0 3 2 0 0 1 0 0 0 0 0
0610  1 0 0 1 1 3 3 3 0 3 3 0 0 1 2 1 3 0 1 0
0611  0 1 0 3 1 3 2 3 3 2 1 0 2 0 0 2 0 1 2 0
0612  0 0 0 1 3 0 0 0 0 1 1 0 0 0 3 3 3 0 3 1
0613  3 0 3 3 2 3 2 3 1 2 3 1 3 1 0 3 0 0 0 0
0614  3 3 1 0 3 1 0 0 0 0 0 2 0 1 0 3 0 0 1 0
0615  0 0 0 0 0 0 0 2 3 0 0 2 0 0 0 1 3 3 1 0
0616  1 1 0 0 3 0 1 0 0 0 0 1 0 0 1 2 1 1 2 0
0617  0 0 0 1 0 0 3 3 0 3 1 3 3 1 0 2 1 0 0 0
0618  0 0 0 1 3 3 0 3 3 2 3 3 2 1 1 2 1 0 1 0
0619  0 1 3 1 2 3 1 3 0 2 0 2 3 1 3 0 3 3 0 0
0620  0 0 0 0 3 3 0 3 1 0 2 3 3 2 2 0 2 0 0 1
0621  0 0 1 2 0 0 0 0 0 0 0 1 0 0 0 3 1 2 0 0
0622  0 0 1 0 2 0 0 0 0 0 1 2 0 0 2 1 1 0 0 1
0623  0 0 2 2 1 2 2 3 3 1 0 0 3 1 0 2 0 0 1 0
0624  2 1 1 3 1 3 1 3 3 2 3 2 1 1 3 2 1 3 0 0
0625  0 1 3 3 1 0 0 0 0 0 1 1 0 0 1 1 0 0 0 0
0626  0 0 0 1 0 2 0 3 2 1 2 3 0 0 3 3 1 0 0 0
0627  1 0 3 2 3 3 2 1 1 0 3 2 0 0 1 0 0 0 0 0
0628  0 0 0 0 0 0 0 0 3 1 0 3 0 0 1 2 1 3 3 1
0629  1 3 2 0 2 0 1 0 1 0 0 1 0 0 0 3 3 0 0 0
0630  1 0 3 2 1 1 1 3 3 2 3 1 3 3 2 0 2 0 0 1
0631  0 0 0 0 1 0 0 0 0 0 0 1 0 1 2 1 0 3 3 0
0632  0 0 3 1 3 1 1 0 3 2 2 0 2 2 1 1 3 2 3 0
0633  1 0 1 0 2 0 2 0 0 1 1 3 0 2 0 2 1 0 0 1
0634  0 0 1 0 1 0 1 0 3 0 1 3 1 3 2 1 3 3 1 1
0635  0 2 3 2 0 0 0 0 3 3 1 3 1 3 2 0 2 1 0 0
0636  0 0 3 1 1 0 0 0 3 0 1 3 3 2 3 3 0 0 2 1
0637  0 0 2 1 0 1 0 3 2 0 2 1 1 0 0 1 3 3 0 1
0638  0 0 0 1 1 0 0 1 0 0 0 1 0 0 0 3 1 3 1 0
0639  1 0 0 2 0 0 0 0 0 0 0 3 0 0 3 2 0 3 3 0
0640  0 1 1 0 1 0 2 0 0 0 3 0 0 0 0 1 0 0 1 0
0641  2 1 0 1 3 0 2 0 1 1 0 2 0 0 2 2 0 0 0 0
0642  1 0 3 0 1 0 3 1 3 2 2 2 2 0 3 1 1 0 0 0
0643  1 0 0 2 2 0 2 1 2 0 2 3 2 1 0 3 1 3 0 1
0644  0 0 0 2 1 1 1 3 1 3 2 0 2 0 1 1 2 1 2 0
0645  0 0 0 0 3 3 0 3 1 1 0 2 3 3 1 1 0 0 0 0
0646  0 0 0 3 1 0 0 0 1 1 2 2 0 1 2 3 1 3 3 0
0647  0 0 0 0 1 0 0 1 0 0 2 0 1 2 3 3 1 0 0 2
0648  1 0 3 1 1 0 0 3 0 2 2 2 2 3 2 0 0 3 0 0
0649  2 2 1 1 0 3 3 0 1 1 3 1 0 1 0 0 1 0 0 0
0650  0 0 0 0 3 0 0 0 0 0 1 1 0 1 3 2 1 3 3 0
0651  0 2 0 0 1 0 0 0 1 0 0 3 0 0 0 2 3 3 3 0
0652  0 0 0 3 1 1 0 1 3 0 0 3 2 0 3 1 3 0 1 0
0653  1 2 0 3 3 3 1 3 2 2 3 2 1 0 2 3 2 0 0 0
0654  0 0 0 2 1 0 0 0 0 1 0 2 0 1 1 1 3 0 2 0
0655  1 0 3 3 3 0 1 3 0 1 2 0 1 0 3 1 1 0 1 0
0656  0 0 0 0 0 0 0 3 3 1 2 1 0 1 1 1 1 0 0 0
0657  0 1 2 1 1 0 1 0 3 3 3 1 0 3 0 3 1 2 0 1
0658  0 1 0 0 3 0 1 1 1 0 3 2 0 0 1 1 3 3 0 0
0659  2 2 2 3 1 0 0 0 0 0 0 0 0 0 1 2 0 0 0 0
0660  0 0 1 1 0 0 0 1 1 0 3 3 0 1 3 1 2 1 3 0
0661  0 0 1 1 1 0 0 3 3 0 3 0 3 3 1 2 2 0 1 0
0662  1 0 1 2 2 0 2 3 1 1 3 3 2 3 1 2 3 3 2 0
0663  1 0 3 0 3 3 0 3 3 0 1 2 0 0 0 1 1 0 0 0
0664  1 1 3 1 1 3 0 3 1 1 1 2 1 0 0 3 0 0 0 1
0665  0 0 3 3 0 0 0 3 3 2 2 2 1 3 0 2 2 0 0 0
0666  0 1 0 0 3 0 0 0 1 0 0 3 2 1 1 2 3 3 0 1
0667  0 0 3 1 3 1 1 0 3 3 3 3 0 0 1 1 0 2 0 0
0668  0 0 0 1 2 0 1 3 3 1 0 1 1 3 0 0 0 3 0 1
0669  0 0 0 0 3 0 0 0 0 0 0 1 0 0 0 1 1 3 2 0
0670  0 1 0 1 3 0 1 3 3 0 2 1 1 2 3 2 0 3 0 0
0671  0 0 0 1 1 0 0 0 3 1 0 1 0 0 0 2 3 3 3 0
0672  0 0 0 0 2 0 0 0 0 0 0 2 0 0 0 3 0 3 0 0
0673  3 0 3 0 0 0 2 1 1 0 2 1 0 0 0 3 0 0 0 0
0674  0 0 1 0 0 1 1 0 0 1 3 2 3 3 2 3 2 3 1 0
0675  0 0 0 0 2 0 0 1 0 0 2 3 0 0 1 3 0 0 0 1
0676  0 0 0 0 0 0 0 0 0 0 0 1 0 0 3 2 2 1 0 0
0677  0 1 0 2 1 1 0 0 1 1 2 3 0 1 1 0 1 3 2 0
0678  0 0 0 2 2 3 0 0 0 0 2 3 1 1 0 0 0 2 2 0
0679  0 0 3 2 3 0 1 1 3 0 3 2 3 3 0 2 0 0 2 0
0680  0 0 0 2 2 0 0 0 1 0 0 0 3 0 2 1 1 2 1 1
0681  0 1 3 0 1 1 0 3 0 1 3 3 0 0 2 1 0 0 1 0
0682  1 0 0 3 1 0 1 3 0 1 1 2 3 3 1 1 3 1 1 0
0683  0 0 0 2 0 0 1 1 3 0 2 2 3 3 2 0 2 0 3 1
0684  1 0 0 1 3 0 1 0 0 0 0 3 0 0 2 0 1 0 0 0
0685  1 1 2 3 1 1 0 0 0 0 3 0 0 0 3 2 0 0 1 0
0686  0 0 0 1 2 1 0 0 1 0 0 0 0 1 1 0 3 3 3 1
0687  0 0 2 3 3 3 3 3 0 2 3 1 3 3 2 0 0 0 0 0
0688  0 0 2 0 3 0 0 0 1 0 0 1 0 0 0 0 0 0 1 0
0689  0 0 0 1 2 0 0 0 0 0 0 2 0 0 1 0 0 3 1 1
0690  1 2 1 2 0 3 0 1 0 0 3 1 0 0 0 3 1 0 0 0
0691  0 0 1 2 2 0 2 0 2 0 0 0 3 3 0 0 1 0 0 0
0692  0 1 3 3 0 0 1 0 1 0 0 3 0 0 0 1 0 0 0 0
0693  0 0 0 1 0 0 3 2 3 2 0 3 3 0 1 1 3 0 1 0
0694  1 2 3 1 1 2 0 2 3 2 1 0 1 0 1 0 0 1 0 0
0695  0 0 1 0 1 0 0 0 0 0 1 3 0 0 0 2 0 0 1 0
0696  0 1 2 2 1 3 1 3 0 3 1 1 3 0 3 2 3 2 2 0
0697  0 0 0 1 3 0 3 0 3 0 0 0 2 1 3 2 2 1 3 0
0698  0 0 0 0 2 0 0 3 0 3 0 3 1 1 1 1 1 3 1 0
0699  0 0 0 2 0 0 2 0 3 0 3 0 2 1 2 0 0 3 2 1
0700  1 0 3 0 1 2 1 2 3 0 0 0 1 0 1 0 0 2 0 0
0701  0 0 0 2 2 0 1 2 0 0 1 1 1 3 2 1 2 3 3 2
0702  0 0 0 1 2 0 0 0 0 0 1 1 3 1 0 3 2 3 3 1
0703  0 0 0 1 2 1 0 0 0 0 0 2 0 0 2 2 1 0 1 0
0704  1 0 2 0 1 2 0 3 2 3 3 3 3 3 1 0 0 3 2 1
0705  0 0 0 2 0 0 0 0 0 0 0 1 0 0 0 2 1 0 0 0
0706  0 2 1 3 3 3 1 3 3 0 2 0 3 3 2 0 0 0 3 0
0707  0 0 1 1 0 3 0 3 0 3 0 2 0 0 0 3 0 2 0 0
0708  1 0 3 2 1 1 2 0 0 1 1 0 0 2 1 1 1 0 0 0
0709  0 0 3 1 0 0 3 3 3 2 0 1 3 0 1 3 0 0 0 0
0710  0 0 0 1 3 0 0 0 0 0 0 0 0 0 1 0 0 0 0 0
0711  0 0 3 0 3 0 1 3 2 3 2 3 1 0 0 1 0 0 0 0
0712  0 0 0 3 3 0 0 0 0 0 0 0 0 0 0 1 0 0 0 0
0713  0 0 0 1 1 3 0 2 3 0 2 3 2 0 1 3 1 0 3 1
0714  0 0 2 0 3 0 0 0 0 1 0 1 0 0 2 0 0 3 3 0
0715  0 0 1 0 0 0 0 3 0 0 0 0 0 0 0 0 2 3 3 0
0716  0 1 3 1 1 3 0 3 3 1 3 0 2 0 3 0 2 0 3 0
0717  2 0 3 2 3 1 1 3 0 1 3 1 0 0 2 2 0 0 0 0
0718  0 1 0 0 2 0 0 0 0 0 0 0 0 0 0 3 0 0 0 0
0719  0 0 0 3 2 0 0 0 0 1 0 0 0 0 1 0 2 1 1 0
0720  0 0 0 1 3 0 1 0 0 0 1 0 0 0 1 0 0 0 0 0
0721  0 0 2 1 1 0 0 0 0 0 1 1 1 0 3 3 0 2 2 2
0722  1 0 2 0 2 0 2 0 3 0 2 0 1 0 2 3 3 2 1 1
0723  0 1 2 3 2 3 2 3 3 2 2 3 3 0 2 2 1 0 0 0
0724  2 2 0 3 3 3 1 3 2 1 3 0 3 0 1 0 1 0 0 0
0725  0 1 1 3 2 2 2 0 3 0 1 1 0 3 0 1 0 1 0 0
0726  0 1 3 1 0 1 0 3 0 3 3 1 1 0 0 0 1 0 1 0
0727  3 0 3 3 3 0 3 3 3 1 0 3 0 0 0 1 1 0 1 0
0728  0 0 0 0 2 0 0 1 0 1 0 2 0 0 1 1 0 1 1 1
0729  0 0 0 3 1 0 0 0 0 0 0 0 0 0 0 3 0 0 0 0
0730  0 1 0 0 3 3 0 3 3 0 1 2 0 0 2 0 0 1 0 0
0731  1 0 0 1 3 2 1 2 3 1 1 1 3 3 0 0 1 0 2 1
0732  0 0 0 1 3 0 0 0 0 0 0 0 0 0 0 0 3 0 3 0
0733  0 0 0 0 3 0 0 0 0 0 1 1 0 0 0 1 0 0 0 0
0734  0 0 1 2 1 1 1 3 3 0 1 1 3 1 2 3 3 0 0 0
0735  0 2 1 3 2 0 0 0 2 1 3 3 0 1 1 2 3 3 0 1
0736  0 0 0 2 2 0 1 0 0 0 0 2 0 0 1 1 0 0 0 0
0737  0 0 0 1 2 1 0 0 0 0 3 0 1 0 0 1 0 0 0 0
0738  0 1 0 1 0 0 0 1 1 0 1 0 0 0 1 0 0 0 0 0
0739  3 2 3 0 0 2 1 3 2 0 0 0 0 3 0 3 0 0 0 0
0740  0 0 0 0 1 0 0 0 0 1 3 1 2 0 1 3 0 3 3 1
0741  2 0 3 0 2 3 0 3 1 1 3 2 1 0 0 0 0 1 1 0
0742  0 0 0 1 0 0 1 0 0 1 2 1 0 2 1 0 2 3 2 0
0743  0 0 1 1 3 3 2 3 1 0 1 2 0 2 2 1 3 1 0 0
0744  0 0 0 1 2 0 0 0 0 1 1 3 0 0 0 3 3 3 1 1
0745  2 0 0 3 3 1 2 1 0 1 0 3 0 0 0 2 0 0 0 0
0746  0 0 1 2 0 3 0 3 3 0 0 2 1 1 0 2 1 3 0 0
0747  0 1 0 3 1 0 0 0 0 0 1 2 0 2 0 0 3 3 3 0
0748  0 0 0 0 0 0 1 0 0 0 2 3 0 0 2 0 2 1 0 2
0749  0 0 1 2 0 3 3 3 3 2 3 2 3 2 1 2 2 0 2 0
0750  2 1 3 3 0 2 2 3 3 1 3 2 3 1 2 3 3 1 3 0
0751  0 2 0 0 3 1 0 1 0 2 0 0 0 0 0 3 1 0 1 0
0752  0 0 3 2 3 3 3 0 1 1 3 2 0 0 2 3 2 0 0 0
0753  0 0 0 2 3 0 1 0 1 0 1 0 0 0 0 1 3 0 0 0
0754  0 1 0 0 0 0 1 0 0 0 0 2 0 0 2 0 0 0 0 0
0755  0 0 0 0 3 0 1 0 2 1 2 0 0 2 0 2 2 3 2 0
0756  0 1 3 1 1 0 2 2 3 0 3 2 1 0 0 3 3 0 0 0
0757  0 0 0 1 3 1 0 0 0 1 2 1 2 0 1 0 3 1 3 1
0758  1 0 0 2 2 0 0 0 0 1 0 0 0 1 1 3 0 0 0 0
0759  0 0 1 3 0 0 2 0 0 2 0 2 0 0 3 3 0 1 2 0
0760  0 0 0 2 0 0 0 0 0 1 1 3 0 0 2 3 1 0 2 0
0761  2 2 0 2 3 0 2 1 1 0 3 1 0 1 1 2 2 1 0 0
0762  0 0 1 2 2 2 1 2 2 2 2 3 1 0 0 3 3 0 0 0
0763  2 1 0 1 1 0 0 0 0 0 0 3 0 0 3 0 2 0 0 0
0764  0 0 0 1 2 0 0 0 0 0 1 2 1 2 2 2 0 2 1 1
0765  0 0 3 2 1 0 0 3 3 3 3 3 0 3 0 2 3 0 0 0
0766  1 2 1 2 3 0 0 0 0 0 0 3 0 0 0 2 1 1 0 0
0767  0 0 0 2 1 0 1 0 0 2 3 3 2 1 3 0 2 3 3 2
0768  0 0 1 0 2 0 0 0 3 0 3 0 1 3 0 2 3 3 2 1
0769  0 0 0 3 1 0 2 1 0 0 1 3 0 0 1 0 3 0 2 0
0770  0 0 1 3 3 0 0 1 3 0 2 1 0 3 3 0 3 0 0 1
0771  1 1 0 2 3 0 2 0 3 0 3 2 2 3 1 1 3 3 3 0
0772  1 0 2 2 3 3 1 2 3 0 0 3 0 0 0 3 1 0 0 0
0773  0 1 1 2 3 2 0 3 3 2 3 3 1 1 2 1 0 3 0 0
0774  1 1 1 0 3 0 0 2 0 1 2 1 0 0 0 2 0 0 0 0
0775  0 0 3 3 1 3 0 1 3 3 3 2 0 1 1 3 3 0 0 0
0776  1 0 0 2 1 0 1 3 3 2 3 0 3 2 0 0 3 3 0 1
0777  2 0 1 3 1 3 0 0 0 2 1 2 0 0 1 1 0 0 0 0
0778  3 0 2 1 2 3 2 1 3 1 1 2 0 0 2 1 2 0 0 1
0779  0 1 0 2 3 0 0 1 3 2 3 2 3 0 1 1 3 3 0 0
0780  0 0 0 1 0 3 0 3 3 0 0 3 3 0 3 1 2 0 0 0
0781  1 2 1 0 3 0 1 2 0 1 0 1 0 0 1 0 1 0 0 0
0782  0 0 1 1 2 0 0 0 0 1 2 0 0 1 2 2 0 2 0 0
0783  0 0 0 1 1 0 1 0 0 0 2 0 3 0 1 2 0 3 2 1
0784  0 0 0 1 3 0 0 0 0 2 0 3 0 0 2 3 2 3 2 0
0785  1 0 0 0 0 3 0 3 2 1 3 1 3 3 0 2 0 0 0 0
0786  1 0 1 0 0 1 0 3 1 0 2 2 3 3 1 1 0 1 0 1
0787  0 0 0 3 1 0 1 0 0 0 0 3 0 1 2 2 3 1 1 0
0788  0 0 0 1 3 0 0 0 2 0 1 2 0 0 0 0 0 0 0 0
0789  0 0 3 3 2 0 0 3 3 1 1 3 1 1 0 3 2 3 0 0
0790  0 0 1 2 0 0 0 0 1 0 3 0 0 0 1 0 3 0 0 0
0791  0 0 3 2 2 0 2 0 1 0 2 2 3 0 1 0 2 1 2 3
0792  0 1 0 1 0 0 0 0 0 1 0 1 0 0 0 3 0 0 0 0
0793  0 0 0 2 1 0 0 3 0 0 0 1 0 0 2 0 0 3 2 0
0794  0 1 3 1 1 1 2 3 3 1 2 1 3 3 1 3 2 0 3 1
0795  0 0 0 0 1 0 0 0 3 2 1 3 3 3 2 3 1 3 3 0
0796  3 0 1 1 1 0 0 0 0 0 0 0 0 0 2 1 0 0 0 0
0797  0 0 1 2 0 2 0 3 3 3 0 2 0 3 1 3 0 0 0 0
0798  0 0 0 1 0 3 0 3 3 1 2 2 0 0 1 2 3 0 0 0
0799  0 0 0 2 2 0 1 0 1 0 1 1 0 0 2 3 3 0 0 0
0800  1 0 3 1 0 0 0 0 0 1 3 0 0 0 2 0 1 0 0 0
0801  0 0 0 1 1 0 0 0 1 1 0 2 0 0 1 0 0 2 2 0
0802  0 1 1 3 0 0 3 3 1 1 2 1 1 2 2 1 2 1 1 0
0803  0 0 0 2 2 0 0 0 0 0 0 0 0 1 2 0 0 2 0 0
0804  1 2 1 3 2 0 0 3 0 0 0 3 1 0 2 0 0 0 0 0
0805  0 1 0 1 1 0 2 3 3 0 2 2 0 0 3 1 0 0 0 0
0806  0 1 0 2 0 0 0 0 1 1 3 1 0 1 1 1 2 0 0 1
0807  0 1 3 2 0 2 0 3 0 0 2 0 0 0 0 3 1 0 0 0
0808  0 0 0 1 1 0 1 0 0 2 1 3 0 3 1 0 1 3 0 1
0809  0 0 2 1 2 3 0 3 1 0 0 1 0 0 0 2 0 0 0 0
0810  1 0 0 1 0 2 0 2 3 2 3 2 1 1 1 1 0 3 3 0
0811  0 0 1 0 2 0 0 1 1 2 3 1 3 0 2 1 2 1 3 0
0812  0 0 2 1 3 0 1 0 0 0 0 0 0 0 0 1 0 0 0 0
0813  0 0 0 0 1 0 0 0 1 0 0 2 0 1 0 0 1 0 2 0
0814  0 0 3 1 3 0 0 3 0 2 0 0 0 0 0 3 2 0 0 0
0815  0 0 1 1 2 0 0 1 1 0 2 3 0 0 1 3 0 0 0 0
0816  0 1 0 3 1 0 1 0 0 0 3 3 0 0 2 3 2 3 3 1
0817  2 1 2 0 2 3 0 0 1 0 1 1 0 0 0 3 1 0 1 0
0818  0 0 0 0 2 0 0 0 1 0 1 1 1 2 0 3 0 3 0 1
0819  0 0 2 1 0 3 0 3 3 3 2 2 1 3 0 0 0 1 0 0
0820  2 0 0 0 2 3 0 0 0 0 1 1 0 0 0 2 0 0 0 0
0821  2 1 2 0 3 0 0 3 0 1 3 0 0 1 2 2 2 0 0 0
0822  0 1 3 0 2 3 2 3 3 0 2 3 0 1 0 2 1 0 0 1
0823  0 1 3 3 2 0 0 0 0 3 2 3 2 1 2 0 2 3 1 0
0824  1 0 1 2 2 1 2 3 3 1 1 2 0 2 1 2 3 0 0 0
0825  3 2 3 0 3 3 0 0 3 1 2 3 0 1 2 1 1 0 0 0
0826  0 0 0 0 2 0 0 0 0 0 3 3 0 0 2 1 0 3 3 2
0827  0 0 0 3 3 3 2 3 3 0 3 1 0 0 1 1 0 0 0 0
0828  2 0 2 2 3 1 0 0 2 1 3 3 3 2 1 0 3 3 1 0
0829  0 1 0 0 1 0 0 3 3 1 2 2 2 1 1 0 1 2 2 1
0830  2 2 1 1 2 1 0 0 0 0 1 1 0 0 0 3 0 0 0 0
0831  0 0 0 2 0 0 3 2 3 1 3 1 3 2 0 1 2 0 0 1
0832  0 0 3 1 0 3 2 3 3 2 3 2 2 0 1 0 3 3 0 0
0833  1 2 0 1 3 0 0 0 0 1 3 0 0 0 1 2 0 1 0 0
0834  0 0 3 0 0 0 1 3 3 3 1 3 2 1 0 0 1 0 2 0
0835  0 0 3 2 2 3 3 3 3 1 1 0 1 0 2 3 0 0 0 0
0836  0 0 3 2 3 3 2 1 3 0 2 1 1 0 3 2 0 0 0 0
0837  1 0 3 1 2 3 1 2 3 0 3 3 3 3 0 3 1 3 3 0
0838  1 0 3 3 0 1 2 2 2 0 3 2 0 0 3 0 2 2 0 0
0839  1 0 0 1 0 3 3 3 3 0 1 1 0 3 2 2 0 0 1 0
0840  0 0 2 2 1 1 0 0 0 0 0 0 0 0 3 0 0 0 0 0
0841  1 1 2 3 0 2 2 0 1 0 1 1 0 0 0 3 2 0 1 0
0842  0 0 0 1 2 0 0 0 0 1 0 1 0 0 0 2 0 0 0 2
0843  0 2 3 1 1 0 1 1 3 0 0 2 1 0 0 0 1 0 0 0
0844  1 0 0 0 0 0 2 0 3 2 1 2 3 1 3 2 0 3 0 0
0845  0 0 0 0 3 0 3 0 1 1 0 3 0 1 2 2 1 2 3 1
0846  0 0 1 3 0 0 1 0 0 0 1 2 0 0 0 2 0 0 0 0
0847  1 0 1 3 2 0 0 0 0 0 2 0 0 0 0 1 0 0 0 0
0848  0 0 0 1 1 0 2 0 2 0 0 3 0 0 3 3 2 3 3 1
0849  2 1 3 2 2 0 0 0 0 0 1 0 0 3 1 1 0 0 0 0
0850  0 0 0 2 1 0 3 2 3 0 3 2 3 1 3 3 1 1 1 0
0851  3 2 1 0 3 3 1 3 0 1 0 0 3 1 2 3 1 0 0 0
0852  0 2 1 1 0 0 0 0 3 0 1 2 1 1 1 2 0 3 3 0
0853  0 1 0 3 0 0 0 1 0 0 1 2 3 0 0 3 3 0 3 1
0854  0 1 0 1 3 0 0 3 0 2 0 1 1 1 1 0 3 3 0 1
0855  0 0 2 3 0 0 1 0 1 1 1 3 0 2 0 0 0 3 3 0
0856  0 0 0 1 0 0 0 0 0 0 0 1 0 1 2 3 3 2 0 1
0857  0 3 3 0 0 3 0 3 0 0 1 0 2 3 3 3 0 0 3 0
0858  0 0 2 0 0 3 1 2 1 0 2 1 0 0 1 1 2 0 0 0
0859  0 0 1 0 3 1 1 2 2 2 0 2 3 1 1 1 2 3 1 0
0860  0 0 0 3 1 0 0 3 3 0 0 1 3 2 0 1 3 2 2 0
0861  0 0 0 0 0 1 1 3 3 0 0 1 3 1 3 2 0 0 0 0
0862  0 0 0 3 3 2 0 3 3 0 2 2 2 1 3 0 3 1 0 0
0863  3 0 0 1 0 3 3 3 2 2 3 3 1 2 1 1 3 1 0 0
0864  1 0 1 2 1 3 0 3 3 0 1 0 3 3 1 3 1 1 0 1
0865  1 1 1 0 3 2 0 3 3 0 3 0 0 1 3 1 0 1 0 0
0866  3 1 1 0 1 0 0 0 1 0 1 0 0 0 0 1 0 0 0 0
0867  0 0 1 1 2 1 1 2 3 0 1 3 3 0 2 2 0 0 2 1
0868  2 0 0 1 1 3 3 0 3 1 3 2 0 0 0 2 0 0 0 0
0869  0 0 3 2 3 2 1 3 3 3 1 3 2 0 1 1 1 1 0 0
0870  0 0 0 0 2 0 0 3 1 0 0 3 3 3 3 2 2 2 0 0
0871  1 0 1 0 3 0 0 0 0 0 3 3 0 0 1 0 0 0 0 0
0872  0 0 2 0 0 0 1 0 0 0 3 1 0 0 1 3 0 0 0 0
0873  0 0 1 3 1 1 3 3 3 2 3 1 2 0 3 3 1 0 0 0
0874  2 0 0 0 2 2 2 3 0 2 1 2 0 0 2 0 0 0 0 0
0875  0 0 0 1 0 0 0 0 0 0 0 2 0 0 0 1 3 0 0 0
0876  1 0 2 1 2 0 0 0 0 1 0 3 0 0 2 3 0 0 0 0
0877  2 0 3 2 0 1 1 0 0 0 3 1 3 3 1 0 0 3 3 0
0878  0 0 2 1 0 0 0 3 2 2 1 2 0 3 3 1 0 0 1 0
0879  3 2 2 1 3 3 1 3 0 0 3 2 0 0 0 2 0 0 0 0
0880  0 1 0 1 3 1 0 3 3 3 1 1 0 0 1 3 3 0 2 0
0881  1 0 0 1 2 0 1 3 3 0 3 3 0 0 3 3 0 0 2 1
0882  0 0 0 0 2 0 0 0 3 1 0 1 1 1 3 2 3 3 2 0
0883  0 0 1 2 1 0 0 0 0 0 1 2 0 0 0 0 1 0 1 1
0884  0 0 0 0 0 3 3 3 3 3 2 1 3 0 2 3 1 0 1 0
0885  0 0 0 1 0 0 0 3 3 0 0 2 3 3 1 1 2 3 1 0
0886  1 3 1 2 2 0 0 0 0 1 1 2 0 0 0 1 0 0 0 0
0887  2 1 2 0 3 2 0 3 0 0 0 0 0 0 1 0 3 0 1 0
0888  0 0 1 3 2 1 0 1 3 0 0 2 0 0 1 1 1 0 0 0
0889  0 0 3 1 1 0 0 0 3 0 0 1 1 0 3 0 0 0 1 0
0890  0 0 0 3 0 0 0 0 1 0 0 1 0 0 2 3 1 0 0 0
0891  3 1 1 2 0 0 1 1 0 1 1 2 0 0 0 2 0 0 0 0
0892  0 0 0 2 3 1 1 0 0 1 0 1 0 3 0 2 1 0 0 0
0893  0 0 0 2 0 0 0 0 0 0 3 0 3 0 0 3 1 3 2 0
0894  1 2 0 2 3 0 0 3 0 1 0 3 0 0 3 2 3 0 0 0
0895  0 1 0 0 3 0 0 0 2 0 0 3 0 0 3 1 1 0 1 0
0896  1 0 0 2 3 0 0 0 0 0 0 3 0 0 0 0 0 0 0 0
0897  0 3 2 2 3 3 1 0 3 1 1 2 0 1 0 0 0 1 1 0
0898  0 1 3 1 1 0 1 0 0 0 0 2 0 0 3 3 0 0 0 0
0899  0 0 2 0 1 0 0 0 0 0 2 0 3 3 3 0 3 3 1 0
0900  1 0 0 3 1 3 3 3 3 1 3 3 3 3 2 3 0 0 0 0
0901  1 1 0 2 3 3 2 3 3 0 3 0 0 1 1 2 0 3 0 0
0902  1 0 0 1 3 2 0 0 1 0 2 0 0 0 2 1 0 0 1 0
0903  0 2 3 1 0 1 1 3 3 2 3 1 0 0 2 0 3 3 2 0
0904  1 0 1 0 3 0 0 0 2 1 0 0 0 0 1 3 3 3 0 1
0905  2 0 0 3 3 0 0 0 0 0 1 2 1 0 0 2 0 0 2 1
0906  2 2 3 1 0 3 2 2 0 0 1 0 0 0 2 0 2 0 0 0
0907  0 0 0 1 0 0 2 3 0 1 3 2 0 2 1 3 2 2 1 0
0908  1 0 0 2 1 1 1 3 3 0 1 1 0 0 2 2 0 3 3 1
0909  0 0 3 0 0 3 0 3 2 3 3 3 1 3 0 3 0 0 0 0
0910  1 1 0 2 2 1 0 3 3 2 0 2 1 2 1 2 0 0 0 0
0911  0 1 3 2 2 1 1 3 3 1 2 1 0 2 1 1 1 1 0 0
0912  0 0 0 0 1 0 2 0 3 2 0 1 0 1 0 1 3 2 1 2
0913  1 0 0 2 2 3 1 1 2 1 2 0 3 1 2 2 0 2 0 0
0914  0 2 3 2 1 0 0 1 2 1 3 0 0 0 3 2 2 0 0 1
0915  0 0 0 3 1 0 0 0 1 1 0 0 1 0 2 0 0 3 3 1
0916  1 0 3 1 3 3 2 1 1 0 0 0 0 0 0 3 0 0 0 0
0917  1 0 0 0 2 0 2 3 3 0 3 3 0 2 2 2 0 2 0 0
0918  1 0 1 0 1 0 1 0 0 2 0 0 0 1 0 1 0 0 0 0
0919  3 0 3 0 0 0 1 3 3 0 0 0 0 0 2 0 1 0 1 0
0920  0 1 0 1 2 0 3 1 0 1 0 3 0 0 1 3 2 2 3 3
0921  2 0 0 2 2 0 1 3 2 0 1 2 3 3 3 1 2 0 0 0
0922  2 1 1 3 1 1 2 1 3 0 2 3 0 0 0 2 0 0 0 0
0923  0 0 0 1 1 0 0 3 0 2 2 2 3 0 0 2 0 0 0 0
0924  0 0 0 3 0 0 1 0 2 0 0 1 1 1 0 1 3 0 3 1
0925  0 3 2 1 3 0 1 3 3 0 0 1 0 0 0 1 0 0 0 1
0926  1 0 3 1 3 0 3 3 3 0 2 3 3 2 1 3 2 0 0 0
0927  0 0 0 2 0 1 0 3 3 0 1 2 3 1 0 0 1 0 0 1
0928  0 0 0 0 0 0 0 0 0 0 3 2 0 2 2 2 3 3 0 1
0929  0 1 0 3 0 0 0 3 3 1 0 2 2 2 1 0 3 2 0 0
0930  0 0 0 2 1 0 0 0 0 0 0 0 0 0 0 3 0 2 0 0
0931  0 0 0 1 0 0 3 0 3 3 0 0 1 3 0 2 2 2 0 0
0932  0 0 1 1 3 0 2 0 0 2 3 0 3 1 2 0 2 2 3 0
0933  0 1 3 1 3 0 2 0 0 1 2 2 0 0 0 3 2 2 1 2
0934  1 0 1 3 3 3 0 0 1 2 2 1 0 0 1 0 1 0 0 0
0935  0 0 0 0 1 0 0 0 2 2 0 2 0 1 1 3 1 3 1 0
0936  0 1 2 2 2 3 1 3 2 2 1 3 3 0 1 3 0 1 1 0
0937  0 0 2 1 3 3 0 1 3 0 3 3 3 1 2 2 1 0 0 0
0938  0 0 0 1 2 0 0 0 0 0 0 1 0 0 0 0 0 0 0 0
0939  0 0 0 1 3 0 0 0 0 1 3 0 0 0 2 2 0 2 0 0
0940  0 2 3 3 2 0 1 1 1 0 0 3 1 0 0 0 0 0 0 0
0941  0 0 3 3 2 1 1 3 2 2 3 3 1 3 0 2 2 3 1 0
0942  0 0 0 3 3 3 1 3 1 1 2 3 0 3 1 0 1 3 3 0
0943  0 0 3 1 0 3 0 3 3 0 1 3 2 3 3 3 2 0 0 3
0944  1 2 3 3 1 3 1 3 0 0 0 2 0 0 1 2 2 0 0 0
0945  1 2 0 1 3 2 2 3 3 2 1 0 0 2 2 0 0 0 0 0
0946  0 1 0 0 1 0 0 0 0 0 0 0 0 0 0 0 0 0 0 0
0947  1 0 0 2 1 0 1 2 3 1 3 1 2 1 3 0 1 0 0 0
0948  0 1 0 2 1 0 0 0 1 0 3 1 0 0 2 1 0 1 1 0
0949  1 0 3 1 3 0 1 0 0 0 0 0 3 0 1 2 0 0 0 0
0950  0 0 1 0 1 0 1 1 3 0 0 2 3 0 3 0 3 2 3 0
0951  0 1 1 1 2 1 1 3 0 1 0 3 3 3 3 3 0 2 0 1
0952  0 0 0 0 1 0 0 0 0 0 0 0 0 0 0 1 0 0 0 0
0953  0 0 0 2 1 0 0 0 0 0 0 0 0 0 3 3 0 0 0 0
0954  0 1 1 0 2 0 0 0 0 1 0 0 0 0 2 3 2 0 1 0
0955  0 0 0 1 0 0 0 0 0 0 0 2 0 0 0 2 2 1 0 0
0956  2 0 2 2 0 3 1 1 1 1 1 2 3 0 0 1 2 0 0 0
0957  0 0 1 0 0 0 0 0 0 0 2 3 0 0 0 0 0 0 0 0
0958  3 3 3 3 1 2 1 0 0 1 0 0 0 0 0 0 0 0 0 0
0959  1 0 1 3 0 0 1 0 0 0 1 2 0 0 3 0 0 0 0 0
0960  0 0 0 1 2 0 1 0 0 0 1 0 1 0 3 2 2 3 3 0
0961  0 0 1 2 3 1 1 2 3 0 3 3 3 1 1 2 3 0 0 0
0962  0 0 0 1 3 0 0 0 0 1 0 1 0 0 0 1 1 0 0 0
0963  1 3 0 0 1 3 1 1 3 2 2 0 0 0 0 0 0 0 0 0
0964  0 1 3 2 2 1 2 3 3 3 1 3 0 3 0 3 3 1 0 0
0965  1 0 3 3 2 3 0 2 0 1 0 0 0 0 0 0 0 0 0 0
0966  0 0 3 1 0 1 0 0 1 0 2 1 0 0 0 0 2 0 0 0
0967  0 0 0 3 2 0 1 0 0 0 3 0 0 0 3 0 3 3 0 2
0968  0 1 1 1 1 0 0 3 2 1 1 1 1 1 2 3 3 0 0 0
0969  0 0 0 0 0 2 3 3 3 1 0 3 0 3 0 3 3 1 0 0
0970  0 0 2 1 0 0 0 3 3 2 0 0 3 0 0 3 3 3 3 1
0971  0 0 0 2 3 3 2 0 2 2 3 3 1 0 1 0 0 0 1 0
0972  0 1 3 0 3 0 2 3 1 2 3 3 3 0 3 2 3 0 3 0
0973  0 0 1 2 2 0 3 0 3 0 0 1 0 1 1 0 1 0 0 0
0974  0 0 0 0 0 0 0 0 0 0 2 1 0 0 0 0 2 0 3 0
0975  1 0 0 0 1 0 1 0 0 2 0 3 2 1 2 3 3 3 2 0
0976  0 3 2 3 1 1 3 3 0 0 2 0 0 0 0 0 0 0 0 0
0977  0 0 0 0 0 0 0 0 1 0 0 0 3 3 0 1 3 1 3 2
0978  3 0 3 1 0 2 2 3 1 2 3 2 3 1 1 3 0 1 0 0
0979  1 1 3 2 0 0 0 3 0 0 2 3 0 3 3 3 2 0 0 0
0980  2 1 3 3 1 1 0 3 3 1 3 2 1 0 2 1 1 0 0 0
0981  0 0 0 1 2 0 1 1 0 1 3 1 0 3 3 0 1 3 3 0
0982  0 1 2 3 2 0 0 3 3 1 2 2 3 1 0 3 3 1 3 0
0983  2 2 2 3 2 2 2 0 3 2 3 3 0 0 1 1 3 1 2 0
0984  0 0 0 0 3 3 1 1 0 0 0 0 3 3 0 0 1 1 0 0
0985  0 0 0 2 3 0 0 0 3 1 1 0 0 0 2 2 0 0 3 0
0986  0 0 0 0 2 0 0 0 0 1 0 3 0 2 1 2 0 1 2 0
0987  1 1 3 1 1 3 0 3 3 0 1 2 0 0 2 2 2 0 0 0
0988  1 1 0 2 1 0 0 0 3 0 3 0 3 1 2 2 3 3 0 0
0989  0 0 0 2 2 1 1 0 0 0 0 1 0 3 3 2 0 3 1 0
0990  0 0 3 0 3 0 2 3 3 2 1 0 3 1 2 0 3 2 0 0
0991  1 1 0 3 0 3 2 1 3 0 0 3 0 3 3 1 1 0 3 0
0992  0 0 0 3 3 2 0 3 3 0 1 3 3 3 3 0 2 3 0 0
0993  1 0 0 0 1 0 0 2 0 0 2 3 2 3 2 3 3 2 2 0
0994  0 0 0 0 0 0 2 0 0 1 2 1 0 1 3 2 3 1 2 0
0995  3 0 3 1 1 1 0 3 3 3 3 3 1 0 3 1 2 0 0 0
0996  0 1 3 2 2 1 2 3 3 0 1 0 1 0 0 2 2 0 0 0
0997  0 0 0 0 3 0 0 0 0 0 0 3 2 0 1 1 0 1 2 1
0998  0 0 1 2 2 0 0 1 3 0 1 2 1 0 1 3 1 0 2 1
0999  0 0 1 0 1 0 0 3 1 0 2 2 2 1 3 0 0 3 3 2
1000  0 0 3 0 1 3 1 3 3 1 3 3 3 1 2 1 0 2 0 0
